305 305
[][][][][][][][][][][][][][][][][][][][][][][][][][][][][][]
[2694][][2694][2694][][][][][][][][][][][][][][][][][][][][][][][][][][]
[][][][][][2694][][][][][][][][][][][][][][][][][][][][][][][][]
[][][][][][][][][][][][][][][][][][][][][][][][][][][][][][]
[2694][2694][2694][][][][2694][][][][][][][][][][][][][][][][][][][][][][][]
[][][][2694][][][][][][][][][][][][][][][][][][][][][][][][][][]
[][][][][][][][][][][][][][][][][][][][][][][][][][][][][][]
[][][][][][][][][][][][][][][][][][][][][][][][][][][][][2694][]
[][][2694][][][][][][2694][2694][2694][2694][2694][2694][2694][2694][2694][][][][][][][][][][][][][]
[][][][][][][][][2694][2694][2694][2694][2694][2694][2694][2694][2694][2694][][][][][][][][][][][][]
[][][][][][][][2694][2694][][][][][][][][][][2694][][][][][][][][][][][]
[][][][][][][][2694][2694][][][][][][][][][][2694][][][][][][][][][][][]
[][][][][][][][2694][2694][][2694][][][][][][][][2694][][][][][][][][][][][]
[][][][][][][][2694][2694][][][][][][][][][][2694][][][][][][][][][][][]
[][][][][][][][2694][2694][][][][][][][][][][2694][][][][][][][][][][][]
[][][][][][][][2694][2694][][][][][][][][][][2694][][][][][][][][][][][]
[][][][][][][][2694][2694][][][][][][][][][][2694][][][][][][][][][][][]
[][][][][][][][2694][2694][][][][][][][][][][2694][][][][][][][][][][][]
[][][][][][][][2694][2694][2694][2694][2694][2694][2694][2694][2694][2694][2694][][][][][][][][][][][][]
[][][][][][][][][][][][][][][][][][][][][][][][][][][][][][]
[][][][][][][][][][][][][][][][][][][][][][][][][][][][][][]
[][][][][][][][][][][][][][][][][][][][][][][][][][][][][][]
[][][][][][][][][][][][2694][][2694][][][2694][][][][][][][][][][][][][]
[][][][][][][][][][2694][2694][][2694][2694][][][][][][][][][][][][][][][][]
[][][][][][][][][][][][2694][][][][][][][][][][][][][][][][][][]
[][][][][][][][][][][][][][][][][][][][][][][][][][][][][][]
[][][][][][][][][][][][][][][][][][][][][][][][][][][][][][]
[][][][][][][][][][][][][][][][][][][][][][][][][][][][][][]
[][][][][][][][][][][][][][][][][][][][][][][][][][][][][][]
[][][][][][][][][][][][][][][][][][][][][][][][][][][][][][]