99 30
[1945][1945][1945][1945][1945][1945][1945][1945][1945][1945][1945][1945][1945][1945][1945][1945][1945][1945][1945][1945][1945][1945][1945][1945][1945][1945][1945][1945][1945][1945]
[1945][1945][1945][1945][1945][1945][1945][1945][1945][1945][1945][1945][1945][1945][1945][1945][1945][1945][1945][1945][1945][1945][1945][1945][1945][1945][1945][1945][1945][1945]
[1945][1945][1945][1945][1945][1945][1945][1945][1945][1945][1945][1945][1945][1945][1945][1945][1945][1945][1945][1945][1945][1945][1945][1945][1945][1945][1945][1945][1945][1945]
[1945][1945][1945][1945][1945][1945][1945][1945][1945][1945][1945][1945][1945][1945][1945][1945][1945][1945][1945][1945][1945][1945][1945][1945][1945][1945][1945][1945][1945][1945]
[1945][1945][1945][1945][1945][1945][1945][1945][1945][1945][1945][1945][1945][1945][1945][1945][1945][1945][1945][1945][1945][1945][1945][1945][1945][1945][1945][1945][1945][1945]
[1945][1945][1945][1945][1945][1945][1945][1945][1945][1945][1945][1945][1945][1945][1945][1945][1945][1945][1945][1945][1945][1945][1945][1945][1945][1945][1945][1945][1945][1945]
[1945][1945][1945][1945][1945][1945][1945][1945][1945][1945][1945][1945][1945][1945][1945][1945][1945][1945][1945][1945][1945][1945][1945][1945][1945][1945][1945][1945][1945][1945]
[1945][1945][1945][1945][1945][1945][1945][1945][1945][1945][1945][1945][1945][1945][1945][1945][1945][1945][1945][1945][1945][1945][1945][1945][1945][1945][1945][1945][1945][1945]
[1945][1945][1945][1945][1945][1945][1945][1945][1945][1945][1945][1945][1945][1945][1945][1945][1945][1945][1945][1945][1945][1945][1945][1945][1945][1945][1945][1945][1945][1945]
[1945][1945][1945][1945][1945][1945][1945][1945][1945][1945][1945][1945][1945][1945][1945][1945][1945][1945][1945][1945][1945][1945][1945][1945][1945][1945][1945][1945][1945][1945]
[1945][1945][1945][1945][1945][1945][1945][1945][1945][1945][1945][1945][1945][1945][1945][1945][1945][1945][1945][1945][1945][1945][1945][1945][1945][1945][1945][1945][1945][1945]
[1945][1945][1945][1945][1945][1945][1945][1945][1945][1945][1945][1945][1945][1945][1945][1945][1945][1945][1945][1945][1945][1945][1945][1945][1945][1945][1945][1945][1945][1945]
[1945][1945][1945][1945][1945][1945][1945][1945][1945][1945][1945][1945][1945][1945][1945][1945][1945][1945][1945][1945][1945][1945][1945][1945][1945][1945][1945][1945][1945][1945]
[1945][1945][1945][1945][1945][1945][1945][1945][1945][1728][1729][1729][1729][1729][1729][1729][1729][1729][1729][1729][1729][1730][1945][1945][1945][1945][1945][1945][1945][1945]
[1945][1945][1945][1945][1945][1945][1945][1945][1945][1849][1850][1850][1850][1850][1850][1850][1850][1850][1850][1850][1850][1851][1945][1945][1945][1945][1945][1945][1945][1945]
[1945][1945][1945][1945][1945][1945][1945][1945][1945][1945][1945][1945][1945][1945][1945][1945][1945][1945][1945][1945][1945][1945][1945][1945][1945][1945][1945][1945][1945][1945]
[1945][1945][1945][1945][1945][1945][1945][1945][1945][1945][1945][1945][1945][1945][1945][1945][1945][1945][1945][1945][1945][1945][1945][1945][1945][1945][1945][1945][1945][1945]
[1945][1945][1945][1945][1945][1945][1945][1945][1945][1945][1945][1945][1945][1945][1945][1945][1945][1945][1945][1945][1945][1945][1945][1945][1945][1945][1945][1945][1945][1945]
[1945][1945][1945][1945][1945][1945][1945][1945][1945][1945][1945][1945][1945][1945][1945][1945][1945][1945][1945][1945][1945][1945][1945][1945][1945][1945][1945][1945][1945][1945]
[1945][1945][1945][1945][1945][1945][1945][1945][1945][1945][1945][1945][1945][1945][1945][1945][1945][1945][1945][1945][1945][1945][1945][1945][1945][1945][1945][1945][1945][1945]
[1945][1945][1945][1945][1945][1945][1945][1945][1945][1945][1945][1945][1945][1945][1945][1945][1945][1945][1945][1945][1945][1945][1945][1945][1945][1945][1945][1945][1945][1945]
[1945][1945][1945][1945][1945][1945][1945][1945][1945][1945][1945][1945][1945][1945][1945][1945][1945][1945][1945][1945][1945][1945][1945][1945][1945][1945][1945][1945][1945][1945]
[1945][1945][1945][1945][1945][1945][1945][1945][1945][1945][1945][1945][1945][1945][1945][1945][1945][1945][1945][1945][1945][1945][1945][1945][1945][1945][1945][1945][1945][1945]
[1945][1945][1945][1945][1945][1945][1945][1945][1945][1945][1945][1945][1945][1945][1945][1945][1945][1945][1945][1945][1945][1945][1945][1945][1945][1945][1945][1945][1945][1945]
[1945][1945][1945][1945][1945][1945][1945][1945][1945][1945][1945][1945][1945][1945][1945][1945][1945][1945][1945][1945][1945][1945][1945][1945][1945][1945][1945][1945][1945][1945]
[1945][1945][1945][1945][1945][1945][1945][1945][1945][1945][1945][1945][1945][1945][1945][1945][1945][1945][1945][1945][1945][1945][1945][1945][1945][1945][1945][1945][1945][1945]
[1945][1945][1945][1945][1945][1945][1945][1945][1945][1945][1945][1945][1945][1945][1945][1945][1945][1945][1945][1945][1945][1945][1945][1945][1945][1945][1945][1945][1945][1945]
[1945][1945][1945][1945][1945][1945][1945][1945][1945][1945][1945][1945][1945][1945][1945][1945][1945][1945][1945][1945][1945][1945][1945][1945][1945][1945][1945][1945][1945][1945]
[1945][1945][1945][1945][1945][1945][1945][1945][1945][1945][1945][1945][1945][1945][1945][1945][1945][1945][1945][1945][1945][1945][1945][1945][1945][1945][1945][1945][1945][1945]
[1945][1945][1945][1945][1945][1945][1945][1945][1945][1945][1945][1945][1945][1945][1945][1945][1945][1945][1945][1945][1945][1945][1945][1945][1945][1945][1945][1945][1945][1945]
[1945][1945][1945][1945][1945][1945][1945][1945][1945][1945][1945][1945][1945][1945][1945][1945][1945][1945][1945][1945][1945][1945][1945][1945][1945][1945][1945][1945][1945][1945]
[1945][1945][1945][1945][1945][1945][1945][1945][1945][1945][1945][1945][1945][1945][1945][1945][1945][1945][1945][1945][1945][1945][1945][1945][1945][1945][1945][1945][1945][1945]
[1945][1945][1945][1945][1945][1945][1945][1945][1945][1945][1945][1945][1945][1945][1945][1945][1945][1945][1945][1945][1945][1945][1945][1945][1945][1945][1945][1945][1945][1945]
[1945][1945][1945][1945][1945][1945][1945][1945][1945][1945][1945][1945][1945][1945][1945][1945][1945][1945][1945][1945][1945][1945][1945][1945][1945][1945][1945][1945][1945][1945]
[1945][1945][1945][1945][1945][1945][1945][1945][1945][1945][1945][1945][1945][1945][1945][1945][1945][1945][1945][1945][1945][1945][1945][1945][1945][1945][1945][1945][1945][1945]
[1945][1945][1945][1945][1945][1945][1945][1945][1945][1945][1945][1945][1945][1945][1945][1945][1945][1945][1945][1945][1945][1945][1945][1945][1945][1945][1945][1945][1945][1945]
[1945][1945][1945][1945][1945][1945][1945][1945][1945][1945][1945][1945][1945][1945][1945][1945][1945][1945][1945][1945][1945][1945][1945][1945][1945][1945][1945][1945][1945][1945]
[1945][1945][1945][1945][1945][1945][1945][1945][1945][1945][1945][1945][1945][1945][1945][1945][1945][1945][1945][1945][1945][1945][1945][1945][1945][1945][1945][1945][1945][1945]
[1945][1945][1945][1945][1945][1945][1945][1945][1945][1945][1945][1945][1945][1945][1945][1945][1945][1945][1945][1945][1945][1945][1945][1945][1945][1945][1945][1945][1945][1945]
[1945][1945][1945][1945][1945][1945][1945][1945][1945][1945][1945][1945][1945][1945][1945][1945][1945][1945][1945][1945][1945][1945][1945][1945][1945][1945][1945][1945][1945][1945]
[1945][1945][1945][1945][1945][1945][1945][1945][1945][1945][1945][1945][1945][1945][1945][1945][1945][1945][1945][1945][1945][1945][1945][1945][1945][1945][1945][1945][1945][1945]
[1945][1945][1945][1945][1945][1945][1945][1945][1945][1945][1945][1945][1945][1945][1945][1945][1945][1945][1945][1945][1945][1945][1945][1945][1945][1945][1945][1945][1945][1945]
[1945][1945][1945][1945][1945][1945][1945][1945][1945][1945][1945][1945][1945][1945][1945][1945][1945][1945][1945][1945][1945][1945][1945][1945][1945][1945][1945][1945][1945][1945]
[1945][1945][1945][1945][1945][1945][1945][1945][1945][1945][1945][1945][1945][1945][1945][1945][1945][1945][1945][1945][1945][1945][1945][1945][1945][1945][1945][1945][1945][1945]
[1945][1945][1945][1945][1945][1945][1945][1945][1945][1945][1945][1945][1945][1945][1945][1945][1945][1945][1945][1945][1945][1945][1945][1945][1945][1945][1945][1945][1945][1945]
[1945][1945][1945][1945][1945][1945][1945][1945][1945][1945][1945][1945][1945][1945][1945][1945][1945][1945][1945][1945][1945][1945][1945][1945][1945][1945][1945][1945][1945][1945]
[1945][1945][1945][1945][1945][1945][1945][1945][1945][1945][1945][1945][1945][1945][1945][1945][1945][1945][1945][1945][1945][1945][1945][1945][1945][1945][1945][1945][1945][1945]
[1945][1945][1945][1945][1945][1945][1945][1945][1945][1945][1945][1945][1945][1945][1945][1945][1945][1945][1945][1945][1945][1945][1945][1945][1945][1945][1945][1945][1945][1945]
[1945][1945][1945][1945][1945][1945][1945][1945][1945][1945][1945][1945][1945][1945][1945][1945][1945][1945][1945][1945][1945][1945][1945][1945][1945][1945][1945][1945][1945][1945]
[1945][1945][1945][1945][1945][1945][1945][1945][1945][1945][1945][1945][1945][1945][1945][1945][1945][1945][1945][1945][1945][1945][1945][1945][1945][1945][1945][1945][1945][1945]
[1945][1945][1945][1945][1945][1945][1945][1945][1945][1945][1945][1945][1945][1945][1945][1945][1945][1945][1945][1945][1945][1945][1945][1945][1945][1945][1945][1945][1945][1945]
[1945][1945][1945][1945][1945][1945][1945][1945][1945][1945][1945][1945][1945][1945][1945][1945][1945][1945][1945][1945][1945][1945][1945][1945][1945][1945][1945][1945][1945][1945]
[1945][1945][1945][1945][1945][1945][1945][1945][1945][1945][1945][1945][1945][1945][1945][1945][1945][1945][1945][1945][1945][1945][1945][1945][1945][1945][1945][1945][1945][1945]
[1945][1945][1945][1945][1945][1945][1945][1945][1945][1945][1945][1945][1945][1945][1945][1945][1945][1945][1945][1945][1945][1945][1945][1945][1945][1945][1945][1945][1945][1945]
[1945][1945][1945][1945][1945][1945][1945][1945][1945][1945][1945][1945][1945][1945][1945][1945][1945][1945][1945][1945][1945][1945][1945][1945][1945][1945][1945][1945][1945][1945]
[1945][1945][1945][1945][1945][1945][1945][1945][1945][1945][1945][1945][1945][1945][1945][1945][1945][1945][1945][1945][1945][1945][1945][1945][1945][1945][1945][1945][1945][1945]
[1945][1945][1945][1945][1945][1945][1945][1945][1945][1945][1945][1945][1945][1945][1945][1945][1945][1945][1945][1945][1945][1945][1945][1945][1945][1945][1945][1945][1945][1945]
[1945][1945][1945][1945][1945][1945][1945][1945][1945][1945][1945][1945][1945][1945][1945][1945][1945][1945][1945][1945][1945][1945][1945][1945][1945][1945][1945][1945][1945][1945]
[1945][1945][1945][1945][1945][1945][1945][1945][1945][1945][1945][1945][1945][1945][1945][1945][1945][1945][1945][1945][1945][1945][1945][1945][1945][1945][1945][1945][1945][1945]
[1945][1945][1945][1945][1945][1945][1945][1945][1945][1945][1945][1945][1945][1945][1945][1945][1945][1945][1945][1945][1945][1945][1945][1945][1945][1945][1945][1945][1945][1945]
[1945][1945][1945][1945][1945][1945][1945][1945][1945][1945][1945][1945][1945][1945][1945][1945][1945][1945][1945][1945][1945][1945][1945][1945][1945][1945][1945][1945][1945][1945]
[1945][1945][1945][1945][1945][1945][1945][1945][1945][1945][1945][1945][1945][1945][1945][1945][1945][1945][1945][1945][1945][1945][1945][1945][1945][1945][1945][1945][1945][1945]
[1945][1945][1945][1945][1945][1945][1945][1945][1945][1945][1945][1945][1945][1945][1945][1945][1945][1945][1945][1945][1945][1945][1945][1945][1945][1945][1945][1945][1945][1945]
[1945][1945][1945][1945][1945][1945][1945][1945][1945][1945][1945][1945][1945][1945][1945][1945][1945][1945][1945][1945][1945][1945][1945][1945][1945][1945][1945][1945][1945][1945]
[1945][1945][1945][1945][1945][1945][1945][1945][1945][1945][1945][1945][1945][1945][1945][1945][1945][1945][1945][1945][1945][1945][1945][1945][1945][1945][1945][1945][1945][1945]
[1945][1945][1945][1945][1945][1945][1945][1945][1945][1945][1945][1945][1945][1945][1945][1945][1945][1945][1945][1945][1945][1945][1945][1945][1945][1945][1945][1945][1945][1945]
[1945][1945][1945][1945][1945][1945][1945][1945][1945][1945][1945][1945][1945][1945][1945][1945][1945][1945][1945][1945][1945][1945][1945][1945][1945][1945][1945][1945][1945][1945]
[1945][1945][1945][1945][1945][1945][1945][1945][1945][1945][1945][1945][1945][1945][1945][1945][1945][1945][1945][1945][1945][1945][1945][1945][1945][1945][1945][1945][1945][1945]
[1945][1945][1945][1945][1945][1945][1945][1945][1945][1945][1945][1945][1945][1945][1945][1945][1945][1945][1945][1945][1945][1945][1945][1945][1945][1945][1945][1945][1945][1945]
[1945][1945][1945][1945][1945][1945][1945][1945][1945][1945][1945][1945][1945][1945][1945][1945][1945][1945][1945][1945][1945][1945][1945][1945][1945][1945][1945][1945][1945][1945]
[1945][1945][1945][1945][1945][1945][1945][1945][1945][1945][1945][1945][1945][1945][1945][1945][1945][1945][1945][1945][1945][1945][1945][1945][1945][1945][1945][1945][1945][1945]
[1945][1945][1945][1945][1945][1945][1945][1945][1945][1945][1945][1945][1945][1945][1945][1945][1945][1945][1945][1945][1945][1945][1945][1945][1945][1945][1945][1945][1945][1945]
[1945][1945][1945][1945][1945][1945][1945][1945][1945][1945][1945][1945][1945][1945][1945][1945][1945][1945][1945][1945][1945][1945][1945][1945][1945][1945][1945][1945][1945][1945]
[1945][1945][1945][1945][1945][1945][1945][1945][1945][1945][1945][1945][1945][1945][1945][1945][1945][1945][1945][1945][1945][1945][1945][1945][1945][1945][1945][1945][1945][1945]
[1945][1945][1945][1945][1945][1945][1945][1945][1945][1945][1945][1945][1945][1945][1945][1945][1945][1945][1945][1945][1945][1945][1945][1945][1945][1945][1945][1945][1945][1945]
[1945][1945][1945][1945][1945][1945][1945][1945][1945][1945][1945][1945][1945][1945][1945][1945][1945][1945][1945][1945][1945][1945][1945][1945][1945][1945][1945][1945][1945][1945]
[1945][1945][1945][1945][1945][1945][1945][1945][1945][1945][1945][1945][1945][1945][1945][1945][1945][1945][1945][1945][1945][1945][1945][1945][1945][1945][1945][1945][1945][1945]
[1945][1945][1945][1945][1945][1945][1945][1945][1945][1945][1945][1945][1945][1945][1945][1945][1945][1945][1945][1945][1945][1945][1945][1945][1945][1945][1945][1945][1945][1945]
[1945][1945][1945][1945][1945][1945][1945][1945][1945][1945][1945][1945][1945][1945][1945][1945][1945][1945][1945][1945][1945][1945][1945][1945][1945][1945][1945][1945][1945][1945]
[1945][1945][1945][1945][1945][1945][1945][1945][1945][1945][1945][1945][1945][1945][1945][1945][1945][1945][1945][1945][1945][1945][1945][1945][1945][1945][1945][1945][1945][1945]
[1945][1945][1945][1945][1945][1945][1945][1945][1945][1945][1945][1945][1945][1945][1945][1945][1945][1945][1945][1945][1945][1945][1945][1945][1945][1945][1945][1945][1945][1945]
[1945][1945][1945][1945][1945][1945][1945][1945][1945][1945][1945][1945][1945][1945][1945][1945][1945][1945][1945][1945][1945][1945][1945][1945][1945][1945][1945][1945][1945][1945]
[1945][1945][1945][1945][1945][1945][1945][1945][1945][1945][1945][1945][1945][1945][1945][1945][1945][1945][1945][1945][1945][1945][1945][1945][1945][1945][1945][1945][1945][1945]
[1945][1945][1945][1945][1945][1945][1945][1945][1945][1945][1945][1945][1945][1945][1945][1945][1945][1945][1945][1945][1945][1945][1945][1945][1945][1945][1945][1945][1945][1945]
[1945][1945][1945][1945][1945][1945][1945][1945][1945][1945][1945][1945][1945][1945][1945][1945][1945][1945][1945][1945][1945][1945][1945][1945][1945][1945][1945][1945][1945][1945]
[1945][1945][1945][1945][1945][1945][1945][1945][1945][1945][1945][1945][1945][1945][1945][1945][1945][1945][1945][1945][1945][1945][1945][1945][1945][1945][1945][1945][1945][1945]
[1945][1945][1945][1945][1945][1945][1945][1945][1945][1945][1945][1945][1945][1945][1945][1945][1945][1945][1945][1945][1945][1945][1945][1945][1945][1945][1945][1945][1945][1945]
[1945][1945][1945][1945][1945][1945][1945][1945][1945][1945][1945][1945][1945][1945][1945][1945][1945][1945][1945][1945][1945][1945][1945][1945][1945][1945][1945][1945][1945][1945]
[1945][1945][1945][1945][1945][1945][1945][1945][1945][1945][1945][1945][1945][1945][1945][1945][1945][1945][1945][1945][1945][1945][1945][1945][1945][1945][1945][1945][1945][1945]
[1945][1945][1945][1945][1945][1945][1945][1945][1945][1945][1945][1945][1945][1945][1945][1945][1945][1945][1945][1945][1945][1945][1945][1945][1945][1945][1945][1945][1945][1945]
[1945][1945][1945][1945][1945][1945][1945][1945][1945][1945][1945][1945][1945][1945][1945][1945][1945][1945][1945][1945][1945][1945][1945][1945][1945][1945][1945][1945][1945][1945]
[1945][1945][1945][1945][1945][1945][1945][1945][1945][1945][1945][1945][1945][1945][1945][1945][1945][1945][1945][1945][1945][1945][1945][1945][1945][1945][1945][1945][1945][1945]
[1945][1945][1945][1945][1945][1945][1945][1945][1945][1945][1945][1945][1945][1945][1945][1945][1945][1945][1945][1945][1945][1945][1945][1945][1945][1945][1945][1945][1945][1945]
[1945][1945][1945][1945][1945][1945][1945][1945][1945][1945][1945][1945][1945][1945][1945][1945][1945][1945][1945][1945][1945][1945][1945][1945][1945][1945][1945][1945][1945][1945]
[1945][1945][1945][1945][1945][1945][1945][1945][1945][1945][1945][1945][1945][1945][1945][1945][1945][1945][1945][1945][1945][1945][1945][1945][1945][1945][1945][1945][1945][1945]
[1945][1945][1945][1945][1945][1945][1945][1945][1945][1945][1945][1945][1945][1945][1945][1945][1945][1945][1945][1945][1945][1945][1945][1945][1945][1945][1945][1945][1945][1945]
[1945][1945][1945][1945][1945][1945][1945][1945][1945][1945][1945][1945][1945][1945][1945][1945][1945][1945][1945][1945][1945][1945][1945][1945][1945][1945][1945][1945][1945][1945]
[1945][1945][1945][1945][1945][1945][1945][1945][1945][1945][1945][1945][1945][1945][1945][1945][1945][1945][1945][1945][1945][1945][1945][1945][1945][1945][1945][1945][1945][1945]
[1945][1945][1945][1945][1945][1945][1945][1945][1945][1945][1945][1945][1945][1945][1945][1945][1945][1945][1945][1945][1945][1945][1945][1945][1945][1945][1945][1945][1945][1945]