[1721][1721][1721][1721][1721][1721][1721][1721][2463][2463][2342][2342][2707][1721][1721][1721][1721][1721][1721][1721][1721][1721][1721][1721][1721][1721][1721][1721][1721][1964][1721][1721][1721][1721][1721][1721][1721][1721][1721][1721][1721][1721][2221][2222][2342][2342][2342][2342][2342][2342][2342][2464][2464][2464][2464][2464][2464][2343][2343][2343]
[1721][1721][1721][1721][1721][1721][1721][1721][1721][2463][1721][2342][2221][1721][1721][1721][1721][1721][1721][1721][1721][1721][1721][1721][1721][1721][1721][1721][1721][1964][1964][1964][1721][1721][1721][1721][1721][1721][1721][2221][1721][1721][2342][2464][2463][2463][2463][2463][2463][2463][2463][2584][1721][1721][1721][1721][2464][2464][2464][2464]
[1721][1721][1721][1721][1721][1721][1721][1721][1721][1721][1721][2463][2342][2221][2222][1857][1964][1964][1721][1721][1721][1721][1721][1964][1721][1964][1721][1721][1964][1964][1964][1964][1964][1964][1721][1721][1721][1721][2222][2342][1721][1721][2463][1721][2584][1721][1721][1721][1721][1721][1721][1846][1721][1721][1721][1721][1721][1721][1721][1721]
[1721][1721][1721][1721][1721][1721][1721][1721][1721][1721][1721][2463][2463][2342][2343][2342][1964][1964][1964][1964][1964][1964][1964][1964][1964][1964][1964][1964][1964][1964][1964][1964][1964][1964][1964][2222][1721][1721][2343][2342][1721][1721][2584][1721][1721][1721][1721][1721][1721][1721][1721][1721][1721][1721][1721][1721][1721][1721][1721][1721]
[1721][1721][1721][1721][1721][1721][1721][1721][1721][1721][1721][1721][2463][2463][2464][2463][2221][2221][2221][2221][2221][2221][2221][2221][2221][2221][2221][2221][2221][2221][2221][2221][2221][2221][1964][2343][1964][1964][2464][2463][1721][1721][1721][1721][1721][1721][1721][1721][1721][1721][1721][1721][1721][1721][1721][1721][1721][1721][1721][1721]
[1721][1721][1721][1721][1721][1721][1721][1721][1721][1721][1721][1721][1721][1721][2463][2463][2342][2342][2342][2342][2342][2342][2342][2342][2342][2342][2342][2342][2342][2342][2342][2342][2342][2342][1964][2464][1964][1964][2464][1721][1721][1721][1721][1721][1721][1721][1721][1721][1721][1721][1721][1721][1721][1721][1721][1721][1721][1721][1721][1721]
[1721][1721][1721][1721][1721][1721][1721][1721][1721][1721][1721][1721][1721][1721][1721][2463][2463][2463][2463][2463][2463][2463][2463][2463][2463][2463][2463][2463][2463][2463][2463][2463][2463][2463][2463][2464][1721][1721][1721][1721][1721][1721][1721][1721][1721][1721][1721][1721][1721][1721][1721][1721][1721][1721][1721][1721][1721][1721][1721][1721]
[1721][1721][1721][1721][1721][1721][1721][1721][1721][1721][1721][1721][1721][1721][1721][1721][1721][1721][1721][1721][1721][1721][1721][1721][1721][1721][1721][1721][1721][1721][1721][1721][1721][1721][1721][1721][1721][1721][1721][1721][1721][1721][1721][1721][1721][1721][1721][1721][1721][1721][1721][1721][1721][1721][1721][1721][1721][1721][1721][1721]
[1721][1721][1721][1721][1721][1721][1721][1723][1842][1842][1842][1842][1965][1721][1721][1721][1721][1721][1721][1721][1721][1721][1721][1721][1721][1721][1721][1721][1721][1721][1721][1721][1721][1721][1721][1721][1721][1721][1721][1721][1721][1721][1721][1721][1721][1721][1721][1721][1721][1721][1721][1721][1721][1721][1721][1721][1721][1721][1721][1721]
[1721][1721][1721][1721][1721][1721][1721][1722][1964][1964][1964][1964][1841][1842][1842][1965][1721][1721][1721][1721][1721][1721][1721][1721][1721][1721][1721][1721][1721][1721][1721][1721][1721][1721][1721][1723][1842][1842][1842][1842][1842][1842][1842][1842][1842][1965][1721][1721][1721][1721][1721][1721][1721][1721][1721][1721][1721][1721][1721][1721]
[1721][1721][1721][1721][1721][1721][1721][1843][1964][1964][1964][1964][1964][1964][1964][1841][1842][1842][1842][1842][1842][1842][1842][1965][1721][1721][1721][1721][1721][1721][1721][1723][1842][1842][1842][1843][1964][1964][1964][1964][1964][1964][1964][1964][1964][1721][1721][1721][1721][1721][1721][1721][1721][1721][1721][1721][1721][1721][1721][1721]
[1721][1721][1721][1721][1721][1721][1722][1964][1964][1964][1964][1964][1964][1964][1964][1964][1964][1964][1964][1964][1964][1964][1964][1841][1842][1842][1965][1721][1723][1842][1842][1843][1964][1964][1964][1964][1964][1964][1964][1964][1964][1964][1964][1964][1964][1964][1720][1721][1721][1721][1721][1721][1721][1721][1721][1721][1721][1721][1721][1721]
[1721][1721][1721][1721][1721][1721][1722][1964][1964][1964][1964][1964][1964][1964][1964][1964][1964][1964][1964][1964][1964][1964][1964][1964][1964][1964][1841][1842][1843][1964][1964][1964][1964][1964][1964][1964][1964][1964][1964][1964][1964][1964][1964][1964][1964][1964][1720][1721][1721][1721][1721][1721][1721][1721][1721][1721][1721][1721][1721][1721]
[1721][1721][1721][1721][1721][1721][1722][1964][1964][1964][1964][1964][1964][1964][1964][1964][1964][1964][1964][1964][1964][1964][1964][1964][1964][1964][1964][1964][1964][1964][1964][1964][1964][1964][1964][1964][1964][1964][1964][1964][1964][1964][1964][1964][1964][1964][1841][1721][1721][1721][1721][1721][1721][1721][1721][1721][1721][1721][1721][1721]
[1721][1721][1721][1721][1721][1721][1722][1964][1964][1964][1964][1964][1964][1964][1964][1964][1964][1964][1964][1964][1964][1964][1964][1964][1964][1964][1964][1964][1964][1964][1964][1964][1964][1964][1964][1964][1964][1964][1964][1964][1964][1964][1964][1964][1964][1964][1964][1721][1721][1721][1721][1721][1721][1721][1721][1721][1721][1721][1721][1721]
[1721][1721][1721][1721][1721][1721][1722][1964][1964][1964][1964][1964][1964][1964][1964][1964][1964][1964][1964][1964][1964][1964][1964][1964][1964][1964][1964][1964][1964][1964][1964][1964][1964][1964][1964][1964][1964][1964][1964][1964][1964][1964][1964][1964][1964][1964][1964][1721][1721][1721][1721][1721][1721][1721][1721][1721][1721][1721][1721][1721]
[1721][1721][1721][1721][1721][1721][1722][1964][1964][1964][1964][1964][1964][1964][1964][1964][1964][1964][1964][1964][1964][1964][1964][1964][1964][1964][1964][1964][1964][1964][1964][1964][1964][1964][1964][1964][1964][1964][1964][1964][1964][1964][1964][1964][1964][1964][1964][1721][1721][1721][1721][1721][1721][1721][1721][1721][1721][1721][1721][1721]
[1721][1721][1721][1721][1721][1721][1721][1964][1964][1964][1964][1964][1964][1964][1964][1964][1964][1964][1964][1964][1964][1964][1964][1964][1964][1964][1964][1964][1964][1964][1964][1964][1964][1964][1964][1964][1964][1964][1964][1964][1964][1964][1964][1964][1964][1964][1964][1721][1721][1721][1721][1721][1721][1721][1721][1721][1721][1721][1721][1721]
[1721][1721][1721][1721][1721][1721][1721][1964][1964][1964][1964][1964][1964][1964][1964][1964][1964][1964][1964][1964][1964][1964][1964][1964][1964][1964][1964][1964][1964][1964][1964][1964][1964][1964][1964][1964][1964][1964][1964][1964][1964][1964][1964][1964][1964][1964][1964][1721][1721][1721][1721][1721][1721][1721][1721][1721][1721][1721][1721][1721]
[1721][1721][1721][1721][1721][1721][1721][1964][1964][1964][1964][1964][1964][1964][1964][1964][1964][1964][1964][1964][1964][1964][1964][1964][1964][1964][1964][1964][1964][1964][1964][1964][1964][1964][1964][1964][1964][1964][1964][1964][1964][1964][1964][1964][1964][1964][1964][1721][1721][1721][1721][1721][1721][1721][1721][1721][1721][1721][1721][1721]
[1721][1721][1721][1721][1721][1721][1721][1721][1964][1964][1964][1964][1964][1964][1964][1964][1964][1964][1964][1964][1964][1964][1964][1964][1964][1964][1964][1964][1964][1964][1964][1964][1964][1964][1964][1964][1964][1964][1964][1964][1964][1964][1964][1964][1964][1964][1964][1721][1721][1721][1721][1721][1721][1721][1721][1721][1721][1721][1721][1721]
[1721][1721][1721][1721][1721][1721][1721][1721][1721][1964][1964][1964][1964][1964][1964][1964][1964][1964][1964][1964][1964][1964][1964][1964][1964][1964][1964][1964][1964][1964][1964][1964][1964][1964][1964][1964][1964][1964][1964][1964][1964][1964][1964][1964][1964][1964][1964][1721][1721][1721][1721][1721][1721][1721][1721][1721][1721][1721][1721][1721]
[1721][1721][1721][1721][1721][1721][1721][1721][1721][1721][1964][1964][1964][1964][1964][1964][1964][1964][1964][1964][1964][1964][1964][1964][1964][1964][1964][1964][1964][1964][1964][1964][1964][1964][1964][1964][1964][1964][1964][1964][1964][1964][1964][1964][1964][1964][1964][1721][1721][1721][1721][1721][1721][1721][1721][1721][1721][1721][1721][1721]
[1721][1721][1721][1721][1721][1721][1721][1721][1721][1721][1721][1964][1964][1964][1964][1964][1964][1964][1964][1964][1964][1964][1964][1964][1964][1964][1964][1964][1964][1964][1964][1964][1964][1964][1964][1964][1964][1964][1964][1964][1964][1964][1964][1964][1964][1964][1721][1721][1721][1721][1721][1721][1721][1721][1721][1721][1721][1721][1721][1721]
[1721][1721][1721][1721][1721][1721][1721][1721][1721][1721][1721][1964][1964][1964][1964][1964][1964][1964][1964][1964][1964][1964][1964][1964][1964][1964][1964][1964][1964][1964][1964][1964][1964][1964][1964][1964][1964][1964][1964][1964][1964][1964][1964][1964][1964][1721][1721][1721][1721][1721][1721][1721][1721][1721][1721][1721][1721][1721][1721][1721]
[1721][1721][1721][1721][1721][1721][1721][1721][1721][1721][1721][1721][1964][1964][1964][1964][1964][1964][1964][1964][1964][1964][1964][1964][1964][1964][1964][1964][1964][1964][1964][1964][1964][1964][1964][1964][1964][1964][1964][1964][1964][1964][1721][1721][1721][1721][1721][1721][1721][1721][1721][1721][1721][1721][1721][1721][1721][1721][1721][1721]
[1721][1721][1721][1721][1721][1721][1721][1721][1721][1721][1721][1721][1964][1964][1964][1964][1964][1964][1964][1964][1964][1964][1964][1964][1964][1964][1964][1964][1964][1964][1964][1964][1964][1964][1964][1964][1964][1964][1964][1964][1721][1721][1721][1721][1721][1721][1721][1721][1721][1721][1721][1721][1721][1721][1721][1721][1721][1721][1721][1721]
[1721][1721][1721][1721][1721][1721][1721][1721][1721][1721][1721][1721][1721][1964][1964][1964][1964][1964][1964][1964][1964][1964][1964][1964][1964][1964][1964][1964][1964][1964][1964][1964][1964][1964][1964][1964][1964][1964][1721][1721][1721][1721][1721][1721][1721][1721][1721][1721][1721][1721][1721][1721][1721][1721][1721][1721][1721][1721][1721][1721]
[1721][1721][1721][1721][1721][1721][1721][1721][1721][1721][1721][1721][1721][1721][1964][1964][1964][1964][1964][1964][1964][1964][1964][1964][1964][1964][1964][1964][1964][1964][1964][1964][1964][1964][1964][1964][1964][1721][1721][1721][1721][1721][1721][1721][1721][1721][1721][1721][1721][1721][1721][1721][1721][1721][1721][1721][1721][1721][1721][1721]
[1721][1721][1721][1721][1721][1721][1721][1721][1721][1721][1721][1721][1721][1721][1721][1721][1721][1721][1964][1964][1964][1964][1964][1964][1964][1964][1964][1964][1964][1964][1964][1964][1964][1964][1964][1964][1721][1721][1721][1721][1721][1721][1721][1721][1721][1721][1721][1721][1721][1721][1721][1721][1721][1721][1721][1721][1721][1721][1721][1721]
[1721][1721][1721][1721][1721][1721][1721][1721][1721][1721][1721][1721][1721][1721][1721][1721][1721][1721][1721][1721][1964][1964][1964][1964][1964][1964][1964][1964][1964][1964][1964][1964][1964][1964][1964][1964][1721][1721][1721][1721][1721][1721][1721][1721][1721][1721][1721][1721][1721][1721][1721][1721][1721][1721][1721][1721][1721][1721][1721][1721]
[1721][1721][1721][1721][1721][1721][1721][1721][1721][1721][1721][1721][1721][1721][1721][1721][1721][1721][1721][1721][1721][1964][1964][1964][1964][1964][1964][1964][1964][1964][1964][1964][1964][1964][1964][1721][1721][1721][1721][1721][1721][1721][1721][1721][1721][1721][1721][1721][1721][1721][1721][1721][1721][1721][1721][1721][1721][1721][1721][1721]
[1721][1721][1721][1721][1721][1721][1721][1721][1721][1721][1721][1721][1721][1721][1721][1721][1721][1721][1721][1721][1721][1721][1721][1964][1964][1964][1964][1964][1964][1964][1964][1964][1964][1964][1721][1721][1721][1721][1721][1721][1721][1721][1721][1721][1721][1721][1721][1721][1721][1721][1721][1721][1721][1721][1721][1721][1721][1721][1721][1721]
[1721][1721][1721][1721][1721][1721][1721][1721][1721][1721][1721][1721][1721][1721][1721][1721][1721][1721][1721][1721][1721][1721][1721][1721][1964][1964][1964][1964][1964][1964][1964][1964][1964][1964][1721][1721][1721][1721][1721][1721][1721][1721][1721][1721][1721][1721][1721][1721][1721][1721][1721][1721][1721][1721][1721][1721][1721][1721][1721][1721]
[1721][1721][1721][1721][1721][1721][1721][1721][1721][1721][1721][1721][1721][1721][1721][1721][1721][1721][1721][1721][1721][1721][1721][1721][1964][1964][1964][1964][1964][1964][1964][1964][1964][1964][1721][1721][1721][1721][1721][1721][1721][1721][1721][1721][1721][1721][1721][1721][1721][1721][1721][1721][1721][1721][1721][1721][1721][1721][1721][1721]
[1721][1721][1721][1721][1721][1721][1721][1721][1721][1721][1721][1721][1721][1721][1721][1721][1721][1721][1721][1721][1721][1721][1721][1721][1721][1964][1964][1964][1964][1964][1964][1964][1964][1964][1721][1721][1721][1721][1721][1721][1721][1721][1721][1721][1721][1721][1721][1721][1721][1721][1721][1721][1721][1721][1721][1721][1721][1721][1721][1721]
[1721][1721][1721][1721][1721][1721][1721][1721][1721][1721][1721][1721][1721][1721][1721][1721][1721][1721][1721][1721][1721][1721][1721][1721][1721][1964][1964][1964][1964][1964][1964][1964][1964][1964][1721][1721][1721][1721][1721][1721][1721][1721][1721][1721][1721][1721][1721][1721][1721][1721][1721][1721][1721][1721][1721][1721][1721][1721][1721][1721]
[1721][1721][1721][1721][1721][1721][1721][1721][1721][1721][1721][1721][1721][1721][1721][1721][1721][1721][1721][1721][1721][1721][1721][1721][1721][1964][1964][1964][1964][1964][1964][1964][1964][1964][1721][1721][1721][1721][1721][1721][1721][1721][1721][1721][1721][1721][1721][1721][1721][1721][1721][1721][1721][1721][1721][1721][1721][1721][1721][1721]
[1721][1721][1721][1721][1721][1721][1721][1721][1721][1721][1721][1721][1721][1721][1721][1721][1721][1721][1721][1721][1721][1721][1721][1721][1721][1964][1964][1964][1964][1964][1964][1964][1964][1964][1721][1721][1721][1721][1721][1721][1721][1721][1721][1721][1721][1721][1721][1721][1721][1721][1721][1721][1721][1721][1721][1721][1721][1721][1721][1721]
[1721][1721][1721][1721][1721][1721][1721][1721][1721][1721][1721][1721][1721][1721][1721][1721][1721][1721][1721][1721][1721][1721][1721][1721][1721][1964][1964][1964][1964][1964][1964][1964][1964][1964][1721][1721][1721][1721][1721][1721][1721][1721][1721][1721][1721][1721][1721][1721][1721][1721][1721][1721][1721][1721][1721][1721][1721][1721][1721][1721]
