[1721][1721][4017][4018][1721][1721][2583][2462][2341][2220][2221][2099][1964][1964][1964][1964][1964][1964][1964][1964][1964][1964][1964][1964][1964][1964][1964][1964][1964][1964][1964][1964][1964][1964][1964][1964][1964][1964][1964][1964][1964][1964][2102][1721][2223][1721][1721][1721][1721][1721][1721][2344][1721][2585][2585][1721][2341][1721][1721][1721]
[1721][1721][4138][4381][1721][1721][1721][2583][2462][2341][2342][2220][2099][1964][1964][1964][1964][1964][1964][1964][1964][1964][1964][1964][1964][1964][1964][1964][1964][1964][1964][1964][1964][1964][1964][1964][1964][1964][1964][2102][2221][2222][2223][1721][2344][1721][1721][1721][1721][1721][1721][2465][2585][2585][2585][2585][2462][1721][1721][2585]
[1721][1721][1721][1721][1721][1721][1243][1721][2583][2462][2463][2341][2220][1721][1721][1373][1964][1964][1964][1964][1964][1964][1964][1964][1964][1964][1964][1964][1964][1964][1964][1964][1964][1964][1964][1964][1964][1964][2102][2223][2342][2343][2344][2464][2465][2585][2585][2585][2585][2585][2584][2586][1721][1721][1721][1721][2583][2585][2585][2585]
[29][30][31][1721][1721][1721][1721][763][1721][2583][2584][2462][2341][1721][1721][2099][1964][1964][1964][1964][1964][1964][1964][1964][1964][1964][1964][1964][1964][1964][1964][1964][1964][1964][1964][2102][2221][2222][2223][2344][2463][2464][2465][2585][2586][1721][1721][1721][1721][150][151][152][1721][1721][1721][1721][1721][1721][1721][1721]
[150][151][152][1721][1721][1721][1721][1721][1721][1721][1485][2583][2462][1721][1721][2220][1721][1721][1721][1721][1721][1721][1721][1721][1721][1721][1721][1721][1721][1721][1721][1721][1721][1721][2222][2223][2342][2343][2344][2465][2585][2585][2586][1721][1721][1721][1721][1721][1721][271][272][273][1721][1721][1721][1485][29][30][31][1721]
[271][272][273][1721][1721][1721][4284][4285][1482][1721][1721][1721][2583][2585][2462][2341][1721][1721][1721][1721][1721][1721][1721][1721][1721][1721][1721][1721][1721][1721][1721][1721][1721][1721][2464][2344][2464][2464][2465][2586][1721][1721][1721][1721][4284][4285][1721][1721][1721][392][393][394][4284][4285][1721][1721][150][151][152][1721]
[392][393][394][1721][1482][1721][4405][4406][1721][1721][1721][1721][1721][1721][2583][2462][1721][1721][1721][1721][1721][1721][1721][1721][1721][1721][1721][1721][1721][1721][1721][1721][1721][1721][1721][2465][2585][2585][2586][1721][1721][1721][1721][1721][4405][4406][1721][1485][1721][1721][514][1721][4405][4406][1721][1721][271][272][273][1721]
[1721][514][1721][1721][1243][1721][1721][1721][1721][1721][1721][1243][1721][1721][1721][2583][2585][2585][2585][2585][2585][2585][2585][2585][2585][2585][2585][2585][2585][2585][2585][2585][2585][2585][2585][2586][1721][1721][1721][1721][763][1243][1721][1721][1721][1721][1721][1721][1721][1721][635][1721][1721][1721][1721][1721][392][393][394][1721]
[1721][635][1721][1721][29][30][31][1721][1721][1945][1945][1945][1945][1482][1721][1721][4284][4285][1964][1964][1964][1964][1964][1964][1964][1964][1964][1964][1964][1964][1964][1964][1964][1964][1964][1964][1964][1482][1964][1721][1721][1721][1721][1485][1721][1721][1721][1721][1721][1482][1721][1721][1721][1721][1721][1721][1721][514][1721][1721]
[1721][1721][1721][1721][150][151][152][1721][1721][1721][1721][1721][1945][1945][1945][1721][4405][4406][1964][1964][1243][1964][1482][1964][1964][1482][1964][1964][1964][1485][1964][1964][4284][4285][1964][1964][1945][1945][1945][1964][1945][1721][1721][1721][1945][1721][4017][4018][1721][1721][1721][1721][1721][1721][1721][1721][1721][635][1721][1721]
[1721][1721][1721][1482][271][272][273][1721][1721][1721][1721][1721][1721][1721][1721][1945][1945][1945][763][1945][1945][1945][1945][1964][1485][1964][1964][4284][4285][1964][1964][1964][4405][4381][1945][1945][1945][1945][1964][1964][1964][1721][1721][1721][1721][1841][4138][4381][1721][1721][1721][1721][1721][1482][1721][1721][1721][1721][1721][1721]
[1721][1721][1721][1721][392][393][394][1721][1721][1721][1721][1721][1721][1721][1721][1721][1964][1964][1964][1964][1964][1964][1964][1945][1945][1945][1964][4405][4406][1964][1945][1945][1945][1964][1964][1964][1964][1945][1964][1964][1964][1721][1721][1721][1721][1721][1721][1721][1721][1721][1721][1721][1721][1721][1721][1721][1721][1721][1721][1721]
[1945][1945][1945][1945][271][272][273][1945][1945][1945][1945][1945][1945][1945][1945][1945][1945][1945][1945][1945][1945][1945][1945][1945][1945][1945][1945][1945][1945][1945][1945][1945][1945][1945][1945][1945][1945][1945][1945][1945][1945][1945][1945][1945][1945][1945][1945][1945][1945][1945][1945][1945][1945][1945][1945][1945][1945][1945][1945][1945]
[1945][1945][151][1945][392][393][394][1945][1945][1945][1945][1945][1945][1945][1945][1945][1945][1945][1945][1945][1945][1945][1945][1945][1945][1945][1945][1945][1945][1945][1945][1945][1945][1945][1945][1945][1945][1945][1945][1945][1945][1945][1945][1945][1945][1945][1945][1945][1945][1945][1945][1945][1945][151][1945][1945][1945][151][1945][1945]
[1945][271][272][273][1945][514][1945][1945][1945][1945][1945][1945][1945][1945][1945][1945][1945][1945][1945][1945][1945][1945][1945][1945][1945][1945][1945][1945][1945][1945][1945][1945][1945][1945][1945][1945][1945][1945][1945][1945][1945][1945][1945][1945][1945][1945][1945][1945][1945][1945][151][1945][271][272][273][1945][271][272][273][1945]
[1945][392][393][394][1945][635][1945][151][1945][1945][1945][1945][1945][1945][1945][1945][1945][1945][1945][1945][1945][1945][1945][1945][1945][1945][1945][1945][1945][1945][1945][1945][1945][1945][1945][1945][1945][1945][1945][1945][1945][1945][1945][1945][1945][1945][1945][1945][1945][271][272][273][392][393][394][1945][392][393][394][1945]
[1945][1945][514][1945][1945][1945][271][272][273][1945][1945][1945][1945][1945][1945][1945][1945][1945][1945][1945][1945][1945][1945][1945][1945][1945][1945][1945][1945][1945][1945][1945][1945][1945][1945][1945][1945][1945][1945][1945][1945][1945][1945][1945][1945][1945][1945][1945][1945][392][393][394][1945][514][1945][1945][1945][514][1945][1945]
[1945][1945][635][1945][1945][1945][392][393][394][1945][1945][1945][1945][1945][1945][1945][1945][1945][1945][1945][1945][1945][1945][1945][1945][1945][1945][1945][1945][1945][1945][1945][1945][1945][1945][1945][1945][1945][1945][1945][1945][1945][1945][1945][1945][1945][1945][1945][1945][1945][514][1945][1945][635][1945][1945][1945][635][1945][1945]
[1945][1945][1945][1945][1945][151][1945][514][1945][1945][1945][1945][1945][1945][1945][1945][1945][1945][1945][1945][1945][1945][1945][1945][1945][1945][1945][1945][1945][1945][1945][1945][1945][1945][1945][1945][1945][1945][1945][1945][1945][1945][1945][1945][1945][1945][1945][1945][1945][1945][151][1945][1945][1945][1945][151][1945][1945][1945][1945]
[1945][1945][1945][1945][271][272][273][635][1945][1945][1945][1945][1945][1945][1945][1945][1945][1945][1945][1945][1945][1945][1945][1945][1945][1945][1945][1945][1945][1945][1945][1945][1945][1945][1945][1945][1945][1945][1945][1945][1945][1945][1945][1945][1945][1945][1945][1945][1945][271][272][273][1945][1945][271][272][273][1945][1945][1945]
[1945][1945][151][1945][392][393][394][1945][1945][1945][1945][1945][1945][1945][1945][1945][1945][1945][1945][1945][1945][1945][1945][1945][1945][1945][1945][1945][1945][1945][1945][1945][1945][1945][1945][1945][1945][1945][1945][1945][1945][1945][1945][1945][1945][1945][1945][1945][1945][392][393][394][1945][1945][392][393][394][1945][1945][1945]
[1945][271][272][273][1945][514][1945][1945][1945][151][1945][1945][1945][1945][1945][1945][1945][1945][1945][1945][1945][1945][1945][1945][1945][1945][1945][1945][1945][1945][1945][1945][1945][1945][1945][1945][1945][1945][1945][1945][1945][1945][1945][1945][1945][1945][1945][1945][1945][1945][514][1945][1945][1945][1945][514][1945][1945][1945][1945]
[1945][392][393][394][1945][635][1945][1945][271][272][273][1945][1945][1945][1945][1945][1945][1945][1945][1945][1945][1945][1945][1945][1945][1945][1945][1945][1945][1945][1945][1945][1945][1945][1945][1945][1945][1945][1945][1945][1945][1945][1945][1945][1945][1945][1945][1945][1945][1945][635][1945][1945][1945][1945][635][1945][1945][1945][1945]
[1945][1945][514][1945][1945][151][1945][1945][392][393][394][1945][1945][1945][1945][1945][1945][1945][1945][1945][1945][1945][1945][1945][1945][1945][1945][1945][1945][1945][1945][1945][1945][1945][1945][1945][1945][1945][1945][1945][1945][1945][1945][1945][1945][1945][1945][1945][1945][1945][1945][1945][1945][1945][1945][1945][1945][1945][1945][1945]
[1945][1945][635][1945][271][272][273][151][1945][514][1945][1945][1945][1945][1945][1945][1945][1945][1945][1945][1945][1945][1945][1945][1945][1945][1945][1945][1945][1945][1945][1945][1945][1945][1945][1945][1945][1945][1945][1945][1945][1945][1945][1945][1945][1945][1945][1945][1945][1945][1945][1945][1945][151][1945][1945][1945][1945][1945][1945]
[1945][1945][1945][1945][392][393][272][272][273][635][1945][1945][1945][1945][1945][1945][1945][1945][1945][1945][1945][1945][1945][1945][1945][1945][1945][1945][1945][1945][1945][1945][1945][1945][1945][1945][1945][1945][1945][1945][1945][1945][1945][1945][1945][1945][1945][1945][1945][1945][1945][1945][271][272][273][1945][1945][1945][1945][1945]
[1945][1945][1945][1945][1945][514][392][393][394][1945][1945][1945][1945][1945][1945][1945][1945][1945][1945][1945][1945][1945][1945][1945][1945][1945][1945][1945][1945][1945][1945][1945][1945][1945][1945][1945][1945][1945][1945][1945][1945][1945][1945][1945][1945][1945][1945][1945][1945][1945][1945][1945][392][393][394][1945][1945][1945][1945][1945]
[1945][1945][151][1945][1945][635][1945][514][1945][1945][1945][1945][1945][1945][1945][1945][1945][1945][1945][1945][1945][1945][1945][1945][1945][1945][1945][1945][1945][1945][1945][1945][1945][1945][1945][1945][1945][1945][1945][1945][1945][1945][1945][1945][1945][1945][1945][1945][1945][1945][1945][1945][1945][514][1945][151][1945][1945][1945][1945]
[1945][271][272][273][1945][1945][1945][635][1945][1945][1945][1945][1945][1945][1945][1945][1945][1945][1945][1945][1945][1945][1945][1945][1945][1945][1945][1945][1945][1945][1945][1945][1945][1945][1945][1945][1945][1945][1945][1945][1945][1945][1945][1945][1945][1945][1945][1945][1945][1945][1945][1945][1945][635][271][272][273][1945][1945][1945]
[1945][392][393][394][1945][1945][1945][1945][1945][151][1945][1945][1945][1945][1945][1945][1945][1945][1945][1945][1945][1945][1945][1945][1945][1945][1945][1945][1945][1945][1945][1945][1945][1945][1945][1945][1945][1945][1945][1945][1945][1945][1945][1945][1945][1945][1945][1945][1945][1945][1945][1945][151][1945][392][393][394][1945][1945][1945]
[1945][1945][514][1945][1945][1945][1945][1945][271][272][273][1945][1945][1945][1945][1945][1945][1945][1945][1945][1945][1945][1945][1945][1945][1945][1945][1945][1945][1945][1945][1945][1945][1945][1945][1945][1945][1945][1945][1945][1945][1945][1945][1945][1945][1945][1945][1945][1945][1945][1945][271][272][273][1945][514][1945][1945][1945][1945]
[1945][1945][635][1945][1945][151][1945][1945][392][393][394][1945][1945][1945][1945][1945][1945][1945][1945][1945][1945][1945][1945][1945][1945][1945][1945][1945][1945][1945][1945][1945][1945][1945][1945][1945][1945][1945][1945][1945][1945][1945][1945][1945][1945][1945][1945][1945][1945][1945][1945][392][393][394][1945][635][1945][1945][1945][1945]
[1945][1945][1945][1945][271][272][273][1945][1945][514][1945][1945][1945][1945][1945][1945][1945][1945][1945][1945][1945][1945][1945][1945][1945][1945][1945][1945][1945][1945][1945][1945][1945][1945][1945][1945][1945][1945][1945][1945][1945][1945][1945][1945][1945][1945][1945][1945][1945][1945][1945][1945][514][1945][1945][1945][151][1945][1945][1945]
[1945][1945][1945][1945][392][393][394][1945][1945][635][1945][1945][1945][1945][1945][1945][1945][1945][1945][1945][1945][1945][1945][1945][1945][1945][1945][1945][1945][1945][1945][1945][1945][1945][1945][1945][1945][1945][1945][1945][1945][1945][1945][1945][1945][1945][1945][1945][1945][1945][1945][1945][635][1945][1945][271][272][273][1945][1945]
[1945][1945][1945][1945][1945][514][1945][1945][1945][1945][1945][1945][1945][1945][1945][1945][1945][1945][1945][1945][1945][1945][1945][1945][1945][1945][1945][1945][1945][1945][1945][1945][1945][1945][1945][1945][1945][1945][1945][1945][1945][1945][1945][1945][1945][1945][1945][1945][1945][1945][1945][1945][1945][1945][1945][392][393][394][1945][1945]
[1945][1945][1945][1945][1945][635][1945][1945][151][1945][1945][1945][1945][1945][1945][1945][1945][1945][1945][1945][1945][1945][1945][1945][1945][1945][1945][1945][1945][1945][1945][1945][1945][1945][1945][1945][1945][1945][1945][1945][1945][1945][1945][1945][1945][1945][1945][1945][1945][1945][1945][1945][1945][151][1945][1945][514][1945][1945][1945]
[1945][1945][1945][1945][1945][1945][1945][271][272][273][1945][1945][1945][1945][1945][1945][1945][1945][1945][1945][1945][1945][1945][1945][1945][1945][1945][1945][1945][1945][1945][1945][1945][1945][1945][1945][1945][1945][1945][1945][1945][1945][1945][1945][1945][1945][1945][1945][1945][1945][1945][1945][271][272][273][1945][635][1945][1945][1945]
[1945][1945][1945][1945][1945][1945][1945][392][393][394][1945][1945][1945][1945][1945][1945][1945][1945][1945][1945][1945][1945][1945][1945][1945][1945][1945][1945][1945][1945][1945][1945][1945][1945][1945][1945][1945][1945][1945][1945][1945][1945][1945][1945][1945][1945][1945][1945][1945][1945][1945][1945][392][393][394][1945][1945][1945][1945][1945]
[1945][1945][1945][1945][1945][1945][1945][1945][514][1945][1945][1945][1945][1945][1945][1945][1945][1945][1945][1945][1945][1945][1945][1945][1945][1945][1945][1945][1945][1945][1945][1945][1945][1945][1945][1945][1945][1945][1945][1945][1945][1945][1945][1945][1945][1945][1945][1945][1945][1945][1945][1945][1945][514][1945][1945][1945][1945][1945][1945]
[1945][1945][1945][1945][1945][1945][1945][1945][635][1945][1945][1945][1945][1945][1945][1945][1945][1945][1945][1945][1945][1945][1945][1945][1945][1945][1945][1945][1945][1945][1945][1945][1945][1945][1945][1945][1945][1945][1945][1945][1945][1945][1945][1945][1945][1945][1945][1945][1945][1945][1945][1945][1945][635][1945][1945][1945][1945][1945][1945]
[1945][1945][1945][1945][1945][1945][1945][1945][1945][1945][1945][1945][1945][1945][1945][1945][1945][1945][1945][1945][1945][1945][1945][1945][1945][1945][1945][1945][1945][1945][1945][1945][1945][1945][1945][1945][1945][1945][1945][1945][1945][1945][1945][1945][1945][1945][1945][1945][1945][1945][1945][1945][1945][1945][1945][1945][1945][1945][1945][1945]

