[1846][1846][1846][1846][1846][1846][1846][1846][1945][1945][1945][1945][1945][1945][1945][1945][1945][1945][1945][1945][1945][1945][1945][1945][1945][1945][1945][1945][1945][1945][1945][1945][1945][1945][1945][1945][1945][1945][1945][1945][1945][1945][1945][1945][1945][1945][1945][1945][1945][1945][1945][1945][1945][1945][1945][1945][1945][1945][1945][1945]
[1846][1846][1846][1846][1846][1846][1846][1846][1846][1945][1945][1945][1945][1945][1945][1945][1945][1945][1945][1945][1945][1945][1945][1945][1945][1945][1945][1945][1945][1945][1945][1945][1945][1945][1945][1945][1945][1945][1945][1945][1945][1945][1945][1945][1945][1945][1945][1945][1945][1945][1945][1846][1846][1846][1846][1846][1846][1945][1945][1945]
[1846][1846][1846][1846][1846][1846][1846][1846][1846][1846][1945][1945][1945][1945][1945][1945][1945][1945][1945][1945][1945][1945][1945][1945][1945][1945][1945][1945][1945][1945][1945][1945][1945][1945][1945][1945][1945][1945][1945][1945][1945][1945][1945][1945][1846][1846][1846][1846][1846][1846][1846][1846][1945][1945][1945][1945][1846][1846][1846][1846]
[1846][1846][1846][1846][1846][1846][1846][1846][1846][1846][1846][1846][1945][1945][1945][1945][1945][1945][1945][1945][1945][1945][1945][1945][1945][1945][1945][1945][1945][1945][1945][1945][1945][1945][1945][1945][1945][1945][1945][1945][1945][1945][1846][1846][1846][1945][1945][1945][1945][1945][1945][1945][1945][1945][1945][1945][1945][1846][1846][1846]
[1846][1846][1846][1945][1945][1945][1945][1945][1945][1945][1945][1846][1846][1945][1945][1945][1945][1945][1945][1945][1945][1945][1945][1945][1945][1945][1945][1945][1945][1945][1945][1945][1945][1945][1945][1945][1945][1945][1945][1846][1846][1846][1846][1945][1945][1945][1945][1945][1945][1945][1945][1945][1945][1945][1945][1945][1945][1846][1846][1846]
[1846][1846][1846][1945][1945][1945][1846][1846][1945][1945][1945][1945][1846][1846][1846][1945][1945][1945][1945][1945][1945][1945][1945][1945][1945][1945][1945][1945][1945][1945][1945][1945][1945][1945][1945][1945][1945][1846][1846][1846][1945][1945][1945][1945][1846][1846][1945][1945][1945][1945][1945][1945][1846][1846][1945][1945][1945][1846][1846][1846]
[1846][1846][1846][1945][1945][1945][1846][1846][1945][1945][1945][1945][1945][1945][1846][1846][1945][1945][1945][1945][1945][1945][1945][1945][1945][1945][1945][1945][1945][1945][1945][1945][1945][1945][1846][1846][1846][1846][1846][1945][1945][1945][1945][1945][1846][1846][1945][1945][1945][1945][1945][1945][1846][1846][1945][1945][1945][1846][1846][1846]
[1846][1846][1846][1945][1945][1945][1945][1945][1945][1945][1945][1945][1945][1945][1945][1846][1846][1846][1846][1846][1846][1846][1846][1846][1846][1846][1846][1846][1846][1846][1846][1846][1846][1846][1846][1846][1945][1945][1945][1945][1945][1945][1945][1945][1945][1945][1945][1945][1945][1945][1846][1945][1945][1945][1945][1945][1945][1846][1846][1846]
[1846][1846][1846][1945][1945][1945][1945][1945][1945][1945][1945][1945][1945][1945][1945][1945][1846][1846][1945][1945][1945][1945][1945][1945][1945][1945][1945][1945][1945][1945][1945][1945][1945][1945][1945][1945][1945][1945][1945][1945][1945][1945][1945][1945][1945][1945][1945][1945][1945][1945][1945][1945][1945][1945][1945][1945][1945][1846][1846][1846]
[1846][1846][1846][1945][1945][1945][1945][1945][1945][1945][1945][1945][1945][1945][1945][1945][1846][1846][1945][1945][1945][1945][1945][1945][1945][1945][1945][1945][1945][1945][1945][1945][1846][1846][1945][1945][1945][1945][1945][1945][1945][1945][1945][1945][1945][1945][1846][1846][1945][1945][1945][1945][1945][1945][1945][1945][1945][1846][1846][1846]
[1846][1846][1846][1945][1945][1945][1945][1945][1945][1945][1945][1945][1945][1945][1945][1945][1945][1945][1945][1945][1945][1945][1945][1945][1945][1945][1945][1846][1846][1945][1945][1945][1846][1846][1945][1945][1945][1945][1945][1945][1945][1945][1945][1945][1945][1945][1846][1846][1945][1945][1945][1945][1945][1945][1945][1945][1945][1846][1846][1846]
[1846][1846][1846][1945][1945][1945][1945][1945][1945][1945][1945][1945][1945][1945][1945][1945][1945][1945][1945][1945][1945][1945][1945][1945][1945][1945][1945][1846][1846][1945][1945][1945][1945][1945][1945][1945][1945][1945][1945][1945][1945][1945][1945][1945][1945][1945][1945][1945][1945][1945][1945][1945][1945][1945][1945][1945][1945][1846][1846][1846]
[1846][1846][1846][1945][1945][1945][1945][1945][1945][1945][1945][1945][1945][1945][1945][1945][1945][1945][1945][1945][1945][1945][1945][1945][1945][1945][1945][1945][1945][1945][1945][1945][1945][1945][1945][1945][1945][1945][1945][1945][1945][1945][1945][1945][1945][1945][1945][1945][1945][1945][1945][1945][1945][1945][1945][1945][1945][1846][1846][1846]
[1721][1721][1721][1945][1945][1945][1945][1945][1945][1945][1945][1945][1945][1945][1945][1945][1945][1945][1945][1945][1945][1945][1945][1945][1945][1945][1945][1945][1945][1945][1945][1945][1945][1945][1945][1945][1945][1945][1945][1945][1945][1945][1945][1945][1945][1945][1945][1945][1945][1945][1945][1945][1945][1945][1945][1945][1945][1721][1721][1721]
[1721][1721][1721][1945][1945][1945][1945][1945][1945][1945][1945][1945][1945][1945][1945][1945][1945][1945][1945][1945][1945][1945][1945][1945][1945][1945][1945][1945][1945][1945][1945][1945][1945][1945][1945][1945][1945][1945][1945][1945][1945][1945][1945][1945][1945][1945][1945][1945][1945][1945][1945][1945][1945][1945][1945][1945][1945][1721][1721][1721]
[1721][1721][1721][1945][1945][1945][1945][1945][1945][1945][1945][1945][1945][1945][1945][1945][1945][1945][1945][1945][1945][1945][1945][1945][1945][1945][1945][1945][1945][1945][1945][1945][1945][1945][1945][1945][1945][1945][1945][1945][1945][1945][1945][1945][1945][1945][1945][1945][1945][1945][1945][1945][1945][1945][1945][1945][1945][1721][1721][1721]
[1721][1721][1721][1945][1945][2796][1945][1945][1945][1945][1945][1945][1945][1945][1945][1945][1945][1945][1945][1945][1945][1945][1945][1945][1945][1945][1945][1945][1945][1945][1945][1945][1945][1945][1945][1945][1945][1945][1945][1945][1945][1945][1945][1945][1945][1945][1945][1945][1945][1945][1945][1945][1945][1945][1945][1945][1945][1721][1721][1721]
[1721][1721][1721][1945][1945][1945][1945][1945][1945][1945][1945][1945][1945][1945][1945][1945][1945][1945][1945][1945][1945][1945][1945][1945][1945][1945][1945][1945][1945][1945][1945][1945][1945][1945][1945][1945][1945][1945][1945][1945][1945][1945][1945][1945][1945][1945][1945][1945][1945][1945][1721][1945][1945][1945][1945][1945][1945][1721][1721][1721]
[1721][1721][1721][1945][1945][1945][1945][1945][1945][1945][1945][1945][1945][1945][1945][1945][1945][1945][1945][1945][1945][1945][1945][1945][1945][1945][1945][1945][1945][1945][1945][1945][1945][1945][1945][1945][1945][1945][1945][1945][1945][1945][1945][1945][1945][1945][1945][1945][1945][1945][1945][1945][1945][1945][1945][1945][1945][1721][1721][1721]
[1721][1721][2796][1945][1945][1945][1945][1945][1945][1945][1945][1945][1945][1945][1945][1945][1945][1945][1945][1945][1945][1945][1945][1945][1945][1945][1945][1945][1945][1945][1945][1945][1945][1945][1945][1945][1945][1945][1945][1945][1945][1945][1945][1945][1945][1945][1945][1945][1945][1945][1945][1945][1945][1945][1945][1945][1945][1721][1721][1721]
[1721][1721][1721][1945][1945][1945][1945][1945][1945][1945][1945][1945][1945][1945][1945][1945][1945][1945][1945][1945][1945][1945][1945][1945][1945][1945][1945][1945][1945][1945][1945][1945][1945][1945][1945][1945][1945][1945][1945][1945][1945][1945][1945][1945][1945][1945][1945][1945][1945][1945][1945][1945][1945][1945][1945][1945][1945][1721][1721][1721]
[1721][1721][1721][1945][1945][1945][1945][1945][2796][1945][1945][1945][1945][1945][1945][1945][1945][1945][1945][1945][1945][1945][1945][1945][1945][1945][1945][1945][1945][1945][1945][1945][1945][1945][1945][1945][1945][1945][1945][1945][1945][1945][1945][1945][1945][1945][1945][1945][1945][1945][1945][1945][1945][1945][1721][1945][1945][1721][1721][1721]
[1721][1721][1721][1945][1945][1945][1945][1945][1945][1945][1945][1945][1945][1945][1945][1945][1945][1945][1945][1945][1945][1945][1945][1945][1945][1945][1945][1945][1945][1945][1945][1945][1945][1945][1945][1945][1945][1945][1945][1945][1945][1945][1945][1945][1945][1945][1945][1945][1945][1945][1945][1945][1945][1945][1945][1945][1945][1721][1721][1721]
[1721][1721][1721][1945][1945][1945][1945][1945][1945][1945][1945][1945][1945][1945][1945][1945][1945][1945][1945][1945][1945][1945][1945][1945][1945][1945][1945][1945][1945][1945][1945][1945][1945][1945][1945][1945][1945][1945][1945][1945][1945][1945][1945][1945][1945][1945][1945][1945][1945][1945][1945][1945][1945][1945][1945][1945][1945][1721][1721][1721]
[1721][1721][1721][1945][1945][1945][1945][1945][1945][1945][1945][1945][1945][1945][1945][1945][1945][1945][1945][1945][1945][1945][1945][1945][1945][1945][1945][1945][1945][1945][1945][1945][1945][1945][1945][1945][1945][1945][1945][1945][1945][1945][1945][1945][1945][1945][1945][1945][1945][1945][1945][1945][1945][1945][1945][1945][1945][1721][1721][1721]
[1721][1721][1721][1945][1945][1945][2796][1945][1945][1945][1945][1945][1945][1945][1945][1945][1945][1945][1945][1945][1945][1945][1945][1945][1945][1945][1945][1945][1945][1945][1945][1945][1945][1945][1945][1945][1945][1945][1945][1945][1945][1945][1945][1945][1945][1945][1945][1945][1945][1945][1945][1945][1945][1945][1945][1945][1945][1721][1721][1721]
[1721][1721][1721][1945][1945][1945][1945][1945][1945][2796][1945][1945][1945][1945][1945][1945][1945][1945][1945][1945][1945][1945][1945][1945][1945][1945][1945][1945][1945][1945][1945][1945][1945][1945][1945][1945][1945][1945][1945][1945][1945][1945][1945][1945][1945][1945][1945][1945][1945][1945][1945][1721][1945][1945][1945][1945][1945][1721][1721][1721]
[1721][1721][1721][1945][1945][1945][1945][1945][1945][1945][1945][1945][1945][1945][1945][1945][1945][1945][1945][1945][1945][1945][1945][1945][1945][1945][1945][1945][1945][1945][1945][1945][1945][1945][1945][1945][1945][1945][1945][1945][1945][1945][1945][1945][1945][1945][1945][1945][1945][1945][1945][1945][1945][1945][1945][1945][1945][1721][1721][1721]
[1721][1721][1721][1945][1945][1945][1945][1945][1945][1945][1945][1945][1945][1945][1945][1945][1945][1945][1945][1945][1945][1945][1945][1945][1945][1945][1945][1945][1945][1945][1945][1945][1945][1945][1945][1945][1945][1945][1945][1945][1945][1945][1945][1945][1945][1945][1945][1945][1945][1945][1945][1945][1945][1945][1945][1945][1945][1721][1721][1721]
[1721][1721][1721][1945][1945][1945][1945][1945][1945][1945][1945][1945][1945][1945][1945][1945][1945][1945][1945][1945][1945][1945][1945][1945][1945][1945][1945][1945][1945][1945][1945][1945][1945][1945][1945][1945][1945][1945][1945][1945][1945][1945][1945][1945][1945][1945][1945][1945][1945][1945][1945][1945][1945][1945][1945][1945][1945][1721][1721][1721]
[1721][1721][1721][1945][1945][1945][1945][1945][1945][1945][1945][1945][1945][1945][1945][1945][1945][1945][1945][1945][1945][1945][1945][1945][1945][1945][1945][1945][1945][1945][1945][1945][1945][1945][1945][1945][1945][1945][1945][1945][1945][1945][1945][1945][1945][1945][1945][1945][1945][1945][1945][1945][1945][1945][1945][1945][1945][1721][1721][1721]
[1721][1721][1721][272][1945][2796][1945][1945][1945][1945][1945][1945][1945][1945][1945][1945][1945][1945][1945][1945][1945][1945][1945][1945][1945][1945][1945][1945][1945][1945][1945][1945][1945][1945][1945][1945][1945][1945][1945][1945][1945][1945][1945][1945][1945][1945][1945][1945][1945][1721][1945][1945][1945][1945][1945][1721][1945][1721][1721][1721]
[1721][1721][1721][1945][1945][1945][1945][1945][1945][1945][1945][1945][1945][1945][1945][1945][1945][1945][1945][1945][1945][1945][1945][1945][1945][1945][1945][1945][1945][1945][1945][1945][1945][1945][1945][1945][1945][1945][1945][1945][1945][1945][1945][1945][1945][1945][1945][1945][1945][1945][1945][1945][1945][1945][1945][1945][1945][1721][1721][1721]
[1721][1721][1721][1945][1945][1945][1945][1945][1945][1945][1945][2796][1945][1945][1945][1945][1945][1945][1945][1945][1945][1945][1945][1945][1945][1945][1945][1945][1945][1945][1945][1945][1945][1945][1945][1945][1945][1945][1945][1945][1945][1945][1945][1945][1945][1945][1945][1945][1945][1945][1945][1945][1945][1945][1945][1945][1945][1721][1721][1721]
[1721][1721][1721][2796][1945][1945][272][1945][1945][1945][1945][1945][1945][1945][1945][1945][1945][1945][1945][1945][1945][1945][1945][1945][1945][1945][1945][1945][1945][1945][1945][1945][1945][1945][1945][1945][1945][1945][1945][1945][1945][1945][1945][1945][1945][1945][1945][1945][1945][1945][1945][1945][1945][1945][1945][1945][1945][1721][1721][1721]
[1721][1721][1721][1945][1945][1945][1945][1945][1945][1945][1945][1945][1945][1945][1945][1945][1945][1945][1945][1945][1945][1945][1945][1945][1945][1945][1945][1945][1945][1945][1945][1945][1945][1945][1945][1945][1945][1945][1945][1945][1945][1945][1945][1945][1945][1945][1945][1945][1945][1945][1945][1945][1945][1945][1945][1945][1945][1721][1721][1721]
[1721][1721][1721][1945][1945][1945][1945][1945][1945][1945][1945][1945][1945][1945][1945][1945][1945][1945][1945][1945][1945][1945][1945][1945][1945][1945][1945][1945][1945][1945][1945][1945][1945][1945][1945][1945][1945][1945][1945][1945][1945][1945][1945][1945][1945][1945][1945][1945][1945][1945][1945][1945][1945][1721][1945][1945][1945][1721][1721][1721]
[1721][1721][1721][1945][1945][1945][2796][1945][1945][1945][1945][1945][1945][1945][1945][1945][1945][1945][1945][1945][1945][1945][1945][1945][1945][1945][1945][1945][1945][1945][1945][1945][1945][1945][1945][1945][1945][1945][1945][1945][1945][1945][1945][1945][1945][1721][1945][1945][1945][1945][1945][1945][1945][1945][1945][1945][1945][1721][1721][1721]
[1721][1721][1721][1945][1945][1945][1945][1945][1945][1945][1945][1945][1945][1945][1945][1945][1945][1945][1945][1945][1945][1945][1945][1945][1945][1945][1945][1945][1945][1945][1945][1945][1945][1945][1945][1945][1945][1945][1945][1945][1945][1945][1945][1945][1945][1945][1945][1945][1945][1945][1945][1945][1945][1945][1945][1945][1945][1721][1721][1721]
[1721][1721][1721][1945][1945][1945][1945][1945][1945][1945][1945][1945][1945][1945][1945][1945][1945][1945][1945][1945][1945][1945][1945][1945][1945][1945][1945][1945][1945][1945][1945][1945][1945][1945][1945][1945][1945][1945][1945][1945][1945][1945][1945][1945][1945][1945][1945][1945][1945][1945][1945][1945][1945][1945][1945][1945][1945][1721][1721][1721]