40 60
[1721][1721][1721][1721][1721][1721][1721][1721][1721][1721][1721][1721][1721][1721][1721][1721][1721][1721][1721][1721][1721][1721][1721][1721][1721][1721][1721][1721][1721][1721][12077][12077][12077][1721][1721][1721][1721][1721][1721][1721][1721][1721][1721][1721][1721][1721][1721][1721][1721][1721][1721][1721][1721][1721][1721][1721][1721][1721][1721][1721]
[1721][1721][1721][1721][1721][1721][1721][1721][1721][1721][1721][1721][1721][1721][1721][1721][1721][1721][1721][1721][1721][1721][1721][1721][1721][1721][1721][1721][1721][1721][12077][12077][12077][1721][1721][1721][1721][1721][1721][1721][1721][1721][1721][1721][1721][1721][1721][1721][1721][1721][1721][1721][1721][1721][1721][1721][1721][1721][1721][1721]
[1721][1721][1721][1721][1721][1721][1721][1721][1721][1721][1721][1721][1721][1721][1721][1721][1721][1721][1721][1721][1721][1721][1721][1721][1721][1721][1721][1721][1721][1721][12077][12077][12077][12077][1721][1721][1721][1721][1721][1721][1721][1721][1721][1721][1721][1721][1721][1721][1721][1721][1721][1721][1721][1721][1721][1721][1721][1721][1721][1721]
[1721][1721][1721][1721][1721][1721][1721][1721][1721][1721][1721][1721][1721][1721][1721][1721][1721][1721][1721][1721][1721][1721][1721][1721][1721][1721][1721][1721][1721][12077][12077][12077][12077][12077][1721][1721][1721][1721][1721][1721][1721][1721][1721][1721][1721][1721][1721][1721][1721][1721][1721][1721][1721][1721][1721][1721][1721][1721][1721][1721]
[1721][1721][1721][1721][1721][1721][1721][1721][1721][1721][1721][1721][1721][1721][1721][1721][1721][1721][1721][1721][1721][1721][1721][1721][1721][1721][1721][1721][1721][12077][12077][12077][12077][12077][1721][1721][1721][1721][1721][1721][1721][1721][1721][1721][1721][1721][1721][1721][1721][1721][1721][1721][1721][1721][1721][1721][1721][1721][1721][1721]
[1721][1721][1721][1721][1721][1721][1721][1721][1721][1721][1721][1721][1721][1721][1721][1721][1721][1721][1721][1721][1721][1721][1721][1721][1721][1721][1721][1721][1721][12077][12077][12077][12077][1721][1721][1721][1721][1721][1721][1721][1721][1721][1721][1721][1721][1721][1721][1721][1721][1721][1721][1721][1721][1721][1721][1721][1721][1721][1721][1721]
[1721][1721][1721][1721][1721][1721][1721][1721][1721][1721][1721][1721][1721][1721][1721][1721][1721][1721][1721][1721][1721][1721][1721][1721][1721][1721][1721][1721][12077][12077][12077][12077][1721][1721][1721][1721][1721][1721][1721][1721][1721][1721][1721][1721][1721][1721][1721][1721][1721][1721][1721][1721][1721][1721][1721][1721][1721][1721][1721][1721]
[1721][1721][1721][1721][1721][1721][1721][1721][1721][1721][1721][1721][1721][1721][1721][1721][1721][1721][1721][1721][1721][1721][1721][1721][1721][1721][1721][1721][12077][12077][12077][12077][1721][1721][1721][1721][1721][1721][1721][1721][1721][1721][1721][1721][1721][1721][1721][1721][1721][1721][1721][1721][1721][1721][1721][1721][1721][1721][1721][1721]
[1721][1721][1721][1721][1721][1721][1721][1721][1721][1721][1721][1721][1721][1721][1721][1721][1721][1721][1721][1721][1721][1721][1721][1721][1721][1721][1721][1721][12077][12077][12077][12077][1721][1721][1721][1721][1721][1721][1721][1721][1721][1721][1721][1721][1721][1721][1721][1721][1721][1721][1721][1721][1721][1721][1721][1721][1721][1721][1721][1721]
[1721][1721][1721][1721][1721][1721][1721][1721][1721][1721][1721][1721][1721][1721][1721][1721][1721][1721][1721][1721][1721][1721][1721][1721][1721][1721][1721][1721][12077][12077][12077][1721][1721][1721][1721][1721][1721][1721][1721][1721][1721][1721][1721][1721][1721][1721][1721][1721][1721][1721][1721][1721][1721][1721][1721][1721][1721][1721][1721][1721]
[1721][1721][1721][1721][1721][1721][1721][1721][1721][1721][1721][1721][1721][1721][1721][1721][1721][1721][1721][1721][1721][1721][1721][1721][1721][1721][1721][12077][12077][12077][12077][1721][1721][1721][1721][1721][1721][1721][1721][1721][1721][1721][1721][1721][1721][1721][1721][1721][1721][1721][1721][1721][1721][1721][1721][1721][1721][1721][1721][1721]
[1721][1721][1721][1721][1721][1721][1721][1721][1721][1721][1721][1721][1721][1721][1721][1721][1721][1721][1721][1721][1721][1721][1721][1721][1721][1721][12077][12077][12077][12077][12077][1721][1721][1721][1721][1721][1721][1721][1721][1721][1721][1721][1721][1721][1721][1721][1721][1721][1721][1721][1721][1721][1721][1721][1721][1721][1721][1721][1721][1721]
[1721][1721][1721][1721][1721][1721][1721][1721][1721][1721][1721][1721][1721][1721][1721][1721][1721][1721][1721][1721][1721][1721][1721][1721][1721][1721][12077][12077][12077][12077][12077][1721][1721][1721][1721][1721][1721][1721][1721][1721][1721][1721][1721][1721][1721][1721][1721][1721][1721][1721][1721][1721][1721][1721][1721][1721][1721][1721][1721][1721]
[1721][1721][1721][1721][1721][1721][1721][1721][1721][1721][1721][1721][1721][1721][1721][1721][1721][1721][1721][1721][1721][1721][1721][1721][1721][1721][12077][12077][12077][12077][12077][1721][1721][1721][1721][1721][1721][1721][1721][1721][1721][1721][1721][1721][1721][1721][1721][1721][1721][13593][13593][13593][13593][13593][13593][13593][13593][13593][13593][13593]
[1721][1721][1721][1721][1721][1721][1721][1721][1721][1721][1721][1721][1721][1721][1721][1721][1721][1721][1721][1721][1721][1721][1721][1721][1721][1721][12077][12077][12077][12077][12077][12077][1721][1721][1721][1721][1721][1721][1721][1721][1721][1721][1721][1721][1721][13593][13593][13593][13593][13593][13593][13593][13593][13593][13593][13593][13593][13593][13593][13593]
[1721][1721][1721][1721][1721][1721][1721][1721][1721][1721][1721][1721][1721][1721][1721][1721][1721][1721][1721][1721][1721][1721][1721][1721][1721][12077][12077][12077][12077][12077][12077][12077][1721][1721][1721][1721][1721][1721][1721][1721][1721][1721][1721][13593][13593][13593][13593][13593][13593][13593][13593][13593][13593][13593][13593][13593][13593][13593][13593][13593]
[1721][1721][1721][1721][1721][1721][1721][1721][1721][1721][1721][1721][1721][1721][1721][1721][1721][1721][1721][1721][1721][1721][1721][1721][1721][12077][12077][12077][12077][12077][12077][12077][1721][1721][1721][1721][1721][13593][13593][13593][13593][13593][13593][13593][13593][13593][13593][13593][13593][13593][13593][13593][13561][13561][13593][13593][13593][13593][13593][13593]
[1721][1721][1721][1721][1721][1721][1721][1721][1721][1721][1721][1721][1721][1721][1721][1721][1721][1721][13593][13593][13593][13593][13593][13593][13593][13593][13593][13593][13593][13593][13593][13593][1721][1721][13593][13593][13593][13593][13593][13593][13593][13593][13593][13593][13593][13593][13593][13593][13593][13593][13593][13593][13561][13561][13561][13561][13561][13561][13561][13561]
[1721][1721][1721][1721][1721][1721][1721][1721][1721][1721][1721][1721][1721][1721][1721][1721][13593][13593][13593][13593][13593][13593][13593][13593][13593][13593][13593][13593][13593][13593][13593][13593][13593][13593][13593][13593][13593][13593][13593][13593][13593][13593][13593][13593][13593][13593][13593][13593][13593][13561][13561][13561][13561][13724][13724][13724][13724][13724][13724][13724]
[1721][1721][1721][1721][1721][1721][1721][1721][1721][1721][1721][1721][1721][1721][1721][13593][13593][13593][13593][13593][13593][13593][13593][13593][13593][13593][13593][13593][13593][13593][13593][13593][13593][13593][13593][13593][13593][13593][13593][13593][13593][13593][13593][13593][13593][13593][13561][13561][13561][13561][13724][13724][13724][13724][13724][13724][13724][13724][13724][13724]
[1721][1721][1721][1721][1721][1721][1721][1721][1721][1721][1721][1721][1721][1721][13593][13593][13593][13593][13593][13593][13593][13593][13593][13593][13593][13593][13593][13593][13593][13593][13593][13593][13593][13593][13593][13593][13593][13593][13593][13593][13593][13593][13561][13561][13561][13561][13561][13561][13724][13724][13724][13724][13724][13724][13724][13692][13692][13692][13692][13692]
[1721][1721][1721][1721][1721][1721][1721][1721][1721][1721][1721][1721][1721][1721][13593][13593][13593][13593][13593][13593][13593][13561][13561][13561][13561][13561][13561][13561][13561][13561][13561][13561][13593][13593][13593][13593][13593][13593][13561][13561][13561][13561][13561][13561][13561][13561][13724][13724][13724][13724][13724][13724][13724][13724][13692][13692][13692][13692][13692][13692]
[1721][1721][1721][1721][1721][1721][1721][1721][1721][1721][1721][1721][1721][13593][13593][13593][13593][13593][13593][13561][13561][13561][13724][13724][13724][13724][13724][13561][13561][13561][13561][13561][13561][13561][13561][13561][13561][13561][13561][13724][13724][13724][13724][13724][13724][13724][13724][13724][13724][13724][13724][13724][13724][13692][13692][13692][13692][13692][13692][13692]
[1721][1721][1721][1721][1721][1721][1721][1721][1721][1721][1721][1721][13593][13593][13593][13593][13593][13593][13593][13561][13561][13724][13724][13724][13724][13724][13724][13724][13561][13561][13561][13561][13724][13724][13724][8765][8765][13724][13724][13724][13724][13724][13724][13724][13724][13724][13724][13724][13724][13724][13724][13692][13692][13692][13692][13692][13692][13692][13692][13692]
[1721][1721][1721][13593][13593][13593][13593][13593][13593][13593][13593][13593][13593][13593][13593][13593][13593][13593][13561][13561][13724][13724][13724][13724][13724][13724][13724][13724][13561][13561][13561][13561][13724][13724][13724][8765][8765][13724][13724][13724][13724][13724][13724][13724][13724][13724][13724][13724][13724][13692][13692][13692][13692][13692][13692][13692][13692][13692][13692][13692]
[1721][13593][13593][13593][13593][13593][13593][13593][13593][13593][13593][13593][13593][13593][13593][13593][13593][13561][13561][13724][13724][13724][13724][13724][13724][13724][13724][13724][13724][13561][13561][13724][13724][13724][13724][8765][8765][13724][13724][13724][13724][13724][13724][13724][13724][13724][13692][13692][13692][13692][13692][13692][13692][13692][13692][13692][13692][13692][13692][13692]
[13593][13593][13593][13593][13593][13593][13593][13593][13593][13593][13593][13593][13593][13593][13593][13593][13593][13561][13724][13724][13724][13724][13724][13724][13724][13724][13724][13724][13724][13724][13724][13692][13692][13692][13692][8765][8765][13692][13692][13692][13692][13692][13692][13692][13692][13692][13692][13692][13692][13692][13692][13692][13692][13692][13692][13692][13692][13692][13692][13692]
[13593][13593][13593][13593][13593][13593][13593][13593][13561][13561][13561][13593][13561][13561][13593][13561][13561][13561][13724][13724][13724][13724][13724][13724][13724][13724][13724][13692][13692][13692][13692][13692][13692][13692][13692][8765][8765][13692][13692][13692][13692][13692][13692][13692][13692][13692][13692][13692][13692][13692][13692][13692][13692][13692][13692][13692][13692][13692][13692][13692]
[13593][13593][13593][13593][13593][13593][13593][13561][13561][13561][13561][13561][13561][13561][13561][13561][13561][13724][13724][13724][13724][13724][13724][13724][13724][13692][13692][13692][13692][13692][13692][13692][13692][13692][13692][8765][8765][13692][13692][13692][13692][13692][13692][13692][13692][13692][13692][13692][13692][13692][13692][13692][13692][13692][13692][13692][13692][13692][13692][13692]
[13593][13593][13593][13593][13561][13561][13561][13561][13724][13724][13724][13724][13724][13724][13724][13724][13724][13724][13724][13724][13724][13724][13724][13692][13692][13692][13692][13692][13692][13692][13692][13692][13692][13561][13561][13561][13561][13561][13561][13561][13561][13692][13692][13692][13692][13692][13692][13692][13692][13692][13692][13692][13692][13692][13692][13692][13692][13692][13692][13692]
[13561][13561][13561][13561][13561][13724][13724][13724][13724][13724][13724][13724][13724][13724][13724][13724][13724][13724][13724][13724][13724][13692][13692][13692][13692][13692][13692][13692][13692][13692][13692][13692][13561][13561][13724][13724][13724][1721][1721][1721][13561][13561][13561][13692][13692][13692][13692][13692][13692][13692][13692][13692][13692][13692][13692][13692][13692][13692][13692][13692]
[13724][13724][13724][13724][13724][13724][13724][13724][13724][13724][13724][13724][13724][13724][13724][13724][13724][13724][13724][13692][13692][13692][13692][13692][13692][13692][13692][13692][13692][13692][13561][13561][13561][13561][13724][13724][13724][1721][1721][1721][13561][13561][13561][13692][13692][13692][13692][13692][13692][13692][13692][13692][13692][13692][13692][13692][13692][13692][13692][13692]
[13724][13724][13724][13724][13724][13724][13724][13724][13692][13692][13692][13692][13692][13692][13724][13724][13724][13692][13692][13692][13692][13692][13692][13692][13692][13692][13692][13692][13692][13692][13561][13561][13561][13724][13724][13724][1721][1721][1721][1721][13561][13692][13692][13692][13692][13692][13692][13692][13692][13692][13692][13692][13692][13692][13692][13692][13692][13692][13692][13692]
[13724][13724][13724][13724][13724][13724][13724][13692][13692][13692][13692][13692][13692][13692][13692][13692][13692][13692][13692][13692][13692][13692][13692][13692][13692][13692][13692][13692][13692][13692][13692][13561][13561][13561][13724][1721][1721][1721][13561][13561][13561][13692][13692][13692][13692][13692][13692][13692][13692][13692][13692][13692][13692][13692][13692][13692][13692][13692][13692][13692]
[13724][13724][13692][13692][13692][13692][13692][13692][13692][13692][13692][13692][13692][13692][13692][13692][13692][13692][13692][13692][13692][13692][13692][13692][13692][13692][13692][13692][13692][13692][13692][13692][13692][13561][13561][13561][13561][13561][13561][13692][13692][13692][13692][13692][13692][13692][13692][13692][13692][13692][13692][13692][13692][13692][13692][13692][13692][13692][13692][13692]
[13692][13692][13692][13692][13692][13692][13692][13692][13692][13692][13692][13692][13692][13692][13692][13692][13692][13692][13692][13692][13692][13692][13692][13692][13692][13692][13692][13692][13692][13692][13692][13692][13692][13692][13692][13692][13692][13561][13561][13692][13692][13692][13692][13692][13692][13692][13692][13692][13692][13692][13692][13692][13692][13692][13692][13692][13692][13692][13692][13692]
[13692][13692][13692][13692][13692][13692][13692][13692][13692][13692][13692][13692][13692][13692][13692][13692][13692][13692][13692][13692][13692][13692][13692][13692][13692][13692][13692][13692][13692][13692][13692][13692][13692][13692][13692][13692][13692][13692][13692][13692][13692][13692][13692][13692][13692][13692][13692][13692][13692][13692][13692][13692][13692][13692][13692][13692][13692][13692][13692][13692]
[13692][13692][13692][13692][13692][13692][13692][13692][13692][13692][13692][13692][13692][13692][13692][13692][13692][13692][13692][13692][13692][13692][13692][13692][13692][13692][13692][13692][13692][13692][13692][13692][13692][13692][13692][13692][13692][13692][13692][13692][13692][13692][13692][13692][13692][13692][13692][13692][13692][13692][13692][13692][13692][13692][13692][13692][13692][13692][13692][13692]
[13692][13692][13692][13692][13692][13692][13692][13692][13692][13692][13692][13692][13692][13692][13692][13692][13692][13692][13692][13692][13692][13692][13692][13692][13692][13692][13692][13692][13692][13692][13692][13692][13692][13692][13692][13692][13692][13692][13692][13692][13692][13692][13692][13692][13692][13692][13692][13692][13692][13692][13692][13692][13692][13692][13692][13692][13692][13692][13692][13692]
[13692][13692][13692][13692][13692][13692][13692][13692][13692][13692][13692][13692][13692][13692][13692][13692][13692][13692][13692][13692][13692][13692][13692][13692][13692][13692][13692][13692][13692][13692][13692][13692][13692][13692][13692][13692][13692][13692][13692][13692][13692][13692][13692][13692][13692][13692][13692][13692][13692][13692][13692][13692][13692][13692][13692][13692][13692][13692][13692][13692]
