40 60
[1945][1945][1945][1945][1945][1945][1945][1945][1945][1945][1945][1945][1945][1945][1945][1945][1945][1945][1945][1945][1945][1945][1945][1945][1945][1945][1945][1945][1945][1945][1945][1945][1945][1945][1945][1945][1945][1945][1945][1945][1945][1945][1945][1945][1945][1945][1945][1945][1945][1945][1945][1945][1945][1945][1945][1945][1945][1945][1945][1945]
[1945][1945][1945][1945][1945][1945][1945][1945][1945][1945][1945][1945][1945][1945][1945][1945][1945][1945][1945][1945][1945][1945][1945][1945][1945][1945][1945][1945][1945][1945][1945][1945][1945][1945][1945][1945][1945][1945][1945][1945][1945][1945][1945][1945][1945][1945][1945][1945][1945][1945][1945][1945][1945][1945][1945][1945][1945][1945][1945][1945]
[1945][1945][1945][1945][1945][1945][1945][1945][1945][1945][1945][1945][1945][1945][1945][1945][1945][1945][1945][1945][1945][1945][1945][1945][1945][1945][1945][1945][1945][1945][1945][1945][1945][1945][1945][1945][1945][1945][1945][1945][1945][1945][1945][1945][1945][1945][1945][1945][1945][1945][1945][1945][1945][1945][1945][1945][1945][1945][1945][1945]
[1945][1945][1945][1945][1945][1945][1945][1945][1945][1945][1945][1945][1945][1945][1945][1945][1945][1945][1945][1945][1945][1945][1945][1945][1945][1945][1945][1945][1945][1945][1945][1945][1945][1945][1945][1945][1945][1945][1945][1945][1945][1945][1945][1945][1945][1945][1945][1945][1945][1945][1945][1945][1945][1945][1945][1945][1945][1945][1945][1945]
[1945][1945][1945][1945][1945][1945][1945][1945][1945][1945][1945][1945][1945][1945][1945][1945][1945][1945][1945][1945][1945][1945][1945][1945][1945][1945][1945][1945][1945][1945][1945][1945][1945][1945][1945][1945][1945][1945][1945][1945][1945][1945][1945][1945][1945][1945][1945][1945][1945][1945][1945][1945][1945][1945][1945][1945][1945][1945][1945][1945]
[1945][1945][1945][1945][1945][1945][1945][1945][1945][1945][1945][36][37][38][1945][1945][1945][1945][1945][1945][1945][1945][1945][1945][1945][1945][1945][1945][1945][1945][1945][1945][1945][1945][1945][1945][8613][8614][8615][1945][1945][1945][1945][1945][1945][1945][1945][1945][1945][1945][1945][1945][1945][1945][1945][1945][1945][1945][1945][1945]
[1945][1945][1945][1945][1945][1945][1945][1945][1945][1945][1945][157][158][159][1945][1945][1945][1945][1945][1945][1945][1945][1945][1945][1945][1945][1945][1945][1945][1945][1945][1945][1945][1945][1945][1945][8734][8735][8736][8737][1945][1945][1945][1945][1945][1945][1945][1945][1945][1945][1945][1945][1945][1945][1945][1945][1945][1945][1945][1945]
[1945][1945][1945][1945][1945][1945][1945][1945][1945][1945][1945][278][279][280][36][37][38][1945][1945][1945][1945][1945][1945][1945][1945][1945][1945][1945][1945][1945][1945][1945][1945][1945][1945][8854][8855][8856][8857][8858][1945][1945][1945][1945][1945][1945][1945][1945][1945][1945][1945][1945][1945][1945][1945][1945][1945][1945][1945][1945]
[1945][1945][1945][1945][1945][1945][1945][1945][1945][1945][1945][399][400][401][157][158][159][1945][1945][1945][1945][1945][1945][1945][1945][1945][1945][1945][1945][1945][1945][1945][1945][1945][1945][8975][8976][8977][8978][8979][1945][1945][1945][1945][1945][1945][1945][1945][1945][1945][1945][1945][1945][1945][1945][1945][1945][1945][1945][1945]
[1945][1945][1945][1945][1945][1945][1945][1945][1945][1945][1945][1945][521][1945][278][279][280][1945][1945][1945][1945][1945][1945][1945][1945][1945][1945][1945][1945][1945][1945][1945][1945][1945][1945][9096][9097][9098][9099][9100][1945][1945][1945][1945][1945][1945][1945][1945][1945][1945][1945][1945][1945][1945][1945][1945][1945][1945][1945][1945]
[1945][1945][1945][1945][1945][1945][1945][1945][1945][1945][1945][1945][642][1945][399][400][401][1945][1945][1945][1945][1945][1945][1945][1945][1945][1945][1945][1945][1945][1945][1945][1945][1945][1945][9217][9218][9219][9220][9221][1945][1945][1945][1945][1945][1945][1945][1945][1945][1945][1945][1945][1945][1945][1945][1945][1945][1945][1945][1945]
[1945][1945][1945][1945][1945][1945][1945][1945][1945][1945][36][37][38][1945][1945][521][1945][1945][1945][1945][1945][1945][1945][1945][1945][1945][1945][1945][1945][1945][1945][1945][1945][1945][1945][9338][9339][9340][9341][9342][1945][1945][1945][1945][1945][1945][1945][1945][1945][1945][1945][1945][1945][1945][1945][1945][1945][1945][1945][1945]
[1945][1945][1945][1945][1945][1945][1945][1945][1945][1945][157][158][159][1945][1945][642][1945][1945][1945][1945][1945][1945][1945][1945][1945][1945][1945][1945][1945][1945][1945][1945][1945][1945][1945][9459][9460][9461][9462][9463][1945][1945][1945][1945][1945][1945][1945][1945][1945][1945][1945][1945][1945][1945][1945][1945][1945][1945][1945][1945]
[1945][1945][1945][1945][1945][1945][1945][1945][1945][1945][278][279][280][1945][1945][1945][1945][1945][1945][1945][1945][1945][1945][1945][1945][1945][1945][1945][1945][1945][1945][1945][1945][1945][1945][1945][1945][1945][1945][1945][1945][1945][1945][1945][1945][1945][1945][1945][1945][1945][1945][1945][1945][1945][1945][1945][1945][1945][1945][1945]
[1945][1945][1945][1945][1945][1945][1945][1945][1945][1945][399][400][401][1945][1945][1945][1945][1945][1945][1945][1945][1945][1945][1945][1945][1945][1945][1945][1945][1945][1945][1945][1945][1945][1945][1945][1945][1945][1945][1945][1945][1945][1945][1945][1945][1945][1945][1945][1945][1945][1945][1945][1945][1945][1945][1945][1945][1945][1945][1945]
[1945][1945][1945][1945][1945][1945][1945][1945][1945][1945][1945][521][1945][1945][1945][1945][1945][1945][1945][1945][1945][1945][1945][1945][1945][1945][1945][1945][1945][1945][1945][1945][1945][1945][1945][1945][1945][1945][1945][1945][1945][1945][1945][1945][1945][1945][1945][1945][1945][1945][1945][1945][1945][1945][1945][1945][1945][1945][1945][1945]
[1945][1945][1945][1945][1945][1945][1945][1945][1945][1945][1945][642][1945][1945][1945][1945][1945][1945][1945][1945][1945][1945][1945][1945][1945][1945][1945][1945][1945][1945][1945][1945][1945][1945][1945][1945][1945][1945][1945][1945][1945][1945][1945][1945][1945][1945][1945][1945][1945][1945][1945][1945][1945][1945][1945][1945][1945][1945][1945][1945]
[1945][1945][1945][1945][1945][1945][1945][1945][1945][1945][1945][1945][1945][1945][1945][1945][1945][1945][1945][1945][1945][1945][1945][1945][1945][1945][1945][1945][1945][1945][1945][1945][1945][1945][1945][1945][1945][1945][1945][1945][1945][1945][1945][1945][1945][1945][1945][1945][1945][1945][1945][1945][1945][1945][1945][1945][1945][1945][1945][1945]
[1945][1945][1945][1945][1945][1945][1945][1945][1945][1945][1945][1945][1945][1945][1945][1945][1945][1945][1945][1945][1945][1945][1945][1945][1945][1945][1945][1945][1945][1945][1945][1945][1945][1945][1945][1945][1945][1945][1945][1945][1945][1945][1945][1945][1945][1945][1945][1945][1945][1945][1945][1945][1945][1945][1945][1945][1945][1945][1945][1945]
[1945][1945][1945][1945][1945][1945][1945][1945][1945][1945][1945][1945][1945][1945][1945][1945][1945][1945][1945][1945][1945][1945][1945][1945][1945][1945][1945][1945][1945][1945][1945][1945][1945][1945][1945][1945][1945][1945][1945][1945][1945][1945][1945][1945][1945][1945][1945][1945][1945][1945][1945][1945][1945][1945][1945][1945][1945][1945][1945][1945]
[1945][1945][1945][1945][1945][1945][1945][1945][1945][1945][1945][1945][1945][1945][1945][1945][1945][1945][1945][1945][1945][1945][1945][1945][1945][1945][1945][1945][1945][1945][1945][1945][1945][1945][1945][1945][1945][1945][1945][1945][1945][1945][1945][1945][1945][1945][1945][1945][1945][1945][1945][1945][1945][1945][1945][1945][1945][1945][1945][1945]
[1945][1945][1945][1945][1945][1945][1945][1945][1945][1945][1945][1945][1945][1945][1945][1945][1945][1945][1945][1945][1945][1945][1945][1945][1945][1945][1945][1945][1945][1945][1945][1945][1945][1945][1945][1945][1945][1945][1945][1945][1945][1945][1945][1945][1945][1945][1945][1945][1945][1945][1945][1945][1945][1945][1945][1945][1945][1945][1945][1945]
[1945][1945][1945][1945][1945][1945][1945][1945][1945][1945][1945][1945][1945][1945][1945][1945][1945][1945][1945][1945][1945][1945][1945][1945][1945][1945][1945][1945][1945][1945][1945][1945][1945][1945][1945][1945][1945][1945][1945][1945][1945][1945][1945][1945][1945][1945][1945][1945][1945][1945][1945][1945][1945][1945][1945][1945][1945][1945][1945][1945]
[1945][1945][1945][1945][1945][1945][1945][1945][1945][1945][1945][1945][1945][1945][1945][1945][1945][1945][1945][1945][1945][1945][1945][1945][1945][1945][1945][1945][1945][1945][1945][1945][1945][1945][1945][1945][1945][1945][1945][1945][1945][1945][1945][1945][1945][1945][1945][1945][1945][1945][1945][1945][1945][1945][1945][1945][1945][1945][1945][1945]
[1945][1945][1945][1945][1945][1945][1945][1945][1945][1945][1945][1945][1945][1945][1945][1945][1945][1945][1945][1945][1945][1945][1945][1945][1945][1945][1945][1945][1945][1945][1945][1945][1945][1945][1945][1945][1945][1945][1945][1945][1945][1945][1945][1945][1945][1945][1945][1945][1945][1945][1945][1945][1945][1945][1945][1945][1945][1945][1945][1945]
[1945][1945][1945][1945][1945][1945][1945][1945][1945][1945][1945][1945][1945][1945][1945][1945][1945][1945][1945][1945][1945][1945][1945][1945][1945][1945][1945][1945][1945][1945][1945][1945][1945][1945][1945][1945][1945][1945][1945][1945][1945][1945][1945][1945][1945][1945][1945][1945][1945][1945][1945][1945][1945][1945][1945][1945][1945][1945][1945][1945]
[1945][1945][1945][1945][1945][1945][1945][1945][1945][1945][1945][1945][1945][1945][1945][1945][1945][1945][1945][1945][1945][1945][1945][1945][1945][1945][1945][1945][1945][1945][1945][1945][1945][1945][1945][1945][1945][1945][1945][1945][1945][1945][1945][1945][1945][1945][1945][1945][1945][1945][1945][1945][1945][1945][1945][1945][1945][1945][1945][1945]
[1945][1945][1945][1945][1945][1945][1945][1945][1945][1945][1945][1945][1945][1945][1945][1945][1945][1945][1945][1945][1945][1945][1945][1945][1945][1945][1945][1945][1945][1945][1945][1945][1945][1945][1945][1945][1945][1945][1945][1945][1945][1945][1945][1945][1945][1945][1945][1945][1945][1945][1945][1945][1945][1945][1945][1945][1945][1945][1945][1945]
[1945][1945][1945][1945][1945][1945][1945][1945][1945][1945][1945][1945][1945][1945][1945][1945][1945][1945][1945][1945][1945][1945][1945][1945][1945][1945][1945][1945][1945][1945][1945][1945][1945][1945][1945][1945][1945][1945][1945][1945][1945][1945][1945][1945][1945][1945][1945][1945][1945][1945][1945][1945][1945][1945][1945][1945][1945][1945][1945][1945]
[1945][1945][1945][1945][1945][1945][1945][1945][1945][1945][1945][1945][1945][1945][1945][1945][1945][1945][1945][1945][1945][1945][1945][1945][1945][1945][1945][1945][1945][1945][1945][1945][1945][1945][1945][1945][1945][1945][1945][1945][1945][1945][1945][1945][1945][1945][1945][1945][1945][1945][1945][1945][1945][1945][1945][1945][1945][1945][1945][1945]
[1945][1945][1945][1945][1945][1945][1945][1945][1945][1945][1945][1945][1945][1945][1945][1945][1945][1945][1945][1945][1945][1945][1945][1945][1945][1945][1945][1945][1945][1945][1945][1945][1945][1945][1945][1945][1945][1945][1945][1945][1945][1945][1945][1945][1945][1945][1945][1945][1945][1945][1945][1945][1945][1945][1945][1945][1945][1945][1945][1945]
[1945][1945][1945][1945][1945][1945][1945][1945][1945][1945][1945][1945][1945][1945][1945][1945][1945][1945][1945][1945][1945][1945][1945][1945][1945][1945][1945][1945][1945][1945][1945][1945][1945][1945][1945][1945][1945][1945][1945][1945][1945][1945][1945][1945][1945][1945][1945][1945][1945][1945][1945][1945][1945][1945][1945][1945][1945][1945][1945][1945]
[1945][1945][1945][1945][1945][1945][1945][1945][1945][1945][1945][1945][1945][1945][1945][1945][1945][1945][1945][1945][1945][1945][1945][1945][1945][1945][1945][1945][1945][1945][1945][1945][1945][1945][1945][1945][1945][1945][1945][1945][1945][1945][1945][1945][1945][1945][1945][1945][1945][1945][1945][1945][1945][1945][1945][1945][1945][1945][1945][1945]
[1945][1945][1945][1945][1945][1945][1945][1945][1945][1945][1945][1945][1945][1945][1945][1945][1945][1945][1945][1945][1945][1945][1945][1945][1945][1945][1945][1945][1945][1945][1945][1945][1945][1945][1945][1945][1945][1945][1945][1945][1945][1945][1945][1945][1945][1945][1945][1945][1945][1945][1945][1945][1945][1945][1945][1945][1945][1945][1945][1945]
[1945][1945][1945][1945][1945][1945][1945][1945][1945][1945][1945][1945][1945][1945][1945][1945][1945][1945][1945][1945][1945][1945][1945][1945][1945][1945][1945][1945][1945][1945][1945][1945][1945][1945][1945][1945][1945][1945][1945][1945][1945][1945][1945][1945][1945][1945][1945][1945][1945][1945][1945][1945][1945][1945][1945][1945][1945][1945][1945][1945]
[1945][1945][1945][1945][1945][1945][1945][1945][1945][1945][1945][1945][1945][1945][1945][1945][1945][1945][1945][1945][1945][1945][1945][1945][1945][1945][1945][1945][1945][1945][1945][1945][1945][1945][1945][1945][1945][1945][1945][1945][1945][1945][1945][1945][1945][1945][1945][1945][1945][1945][1945][1945][1945][1945][1945][1945][1945][1945][1945][1945]
[1945][1945][1945][1945][1945][1945][1945][1945][1945][1945][1945][1945][1945][1945][1945][1945][1945][1945][1945][1945][1945][1945][1945][1945][1945][1945][1945][1945][1945][1945][1945][1945][1945][1945][1945][1945][1945][1945][1945][1945][1945][1945][1945][1945][1945][1945][1945][1945][1945][1945][1945][1945][1945][1945][1945][1945][1945][1945][1945][1945]
[1945][1945][1945][1945][1945][1945][1945][1945][1945][1945][1945][1945][1945][1945][1945][1945][1945][1945][1945][1945][1945][1945][1945][1945][1945][1945][1945][1945][1945][1945][1945][1945][1945][1945][1945][1945][1945][1945][1945][1945][1945][1945][1945][1945][1945][1945][1945][1945][1945][1945][1945][1945][1945][1945][1945][1945][1945][1945][1945][1945]
[1945][1945][1945][1945][1945][1945][1945][1945][1945][1945][1945][1945][1945][1945][1945][1945][1945][1945][1945][1945][1945][1945][1945][1945][1945][1945][1945][1945][1945][1945][1945][1945][1945][1945][1945][1945][1945][1945][1945][1945][1945][1945][1945][1945][1945][1945][1945][1945][1945][1945][1945][1945][1945][1945][1945][1945][1945][1945][1945][1945]
[1945][1945][1945][1945][1945][1945][1945][1945][1945][1945][1945][1945][1945][1945][1945][1945][1945][1945][1945][1945][1945][1945][1945][1945][1945][1945][1945][1945][1945][1945][1945][1945][1945][1945][1945][1945][1945][1945][1945][1945][1945][1945][1945][1945][1945][1945][1945][1945][1945][1945][1945][1945][1945][1945][1945][1945][1945][1945][1945][1945]
