40 60
[1721][1721][1721][1721][1721][1721][1721][1721][1721][1721][1721][1721][1721][1721][1721][1721][1721][1721][1721][1721][1721][1721][1721][1721][1721][1721][1721][1721][1721][1721][1721][1721][1721][1721][1721][1721][1721][1721][1721][1721][1721][1721][1721][1721][1721][1721][1721][1721][1721][1721][1721][1721][1721][1721][1721][1721][1721][1721][1721][1721]
[1721][1721][1721][1721][1721][1721][1721][1721][1721][1721][1721][1721][1721][1721][1721][1721][1721][1721][1721][1721][1721][1721][1721][1721][1721][1721][1721][1721][1721][1721][1721][1721][1721][1721][1721][1721][1721][1721][1721][1721][1721][1721][1721][1721][1721][1721][1721][1721][1721][1721][1721][1721][1721][1721][1721][1721][1721][1721][1721][1721]
[1721][1721][1721][1721][1721][1721][1721][1721][1721][1721][1721][1721][1721][1721][1721][1721][1721][1721][1721][1721][1721][1721][1721][1721][1721][1721][1721][1721][1721][1721][1721][1721][1721][1721][1721][1721][1721][1721][1721][1721][1721][1721][1721][1721][1721][1721][1721][1721][1721][1721][1721][1721][1721][1721][1721][1721][1721][1721][1721][1721]
[1721][1721][1721][1721][1721][1721][1721][1721][1721][1721][1721][1721][1721][1721][1721][1721][1721][1721][1721][1721][1721][1721][1721][1721][1721][1721][1721][1721][1721][1721][1721][1721][1721][1721][1721][1721][1721][1721][1721][1721][1721][1721][1721][1721][1721][1721][1721][1721][1721][1721][1721][1721][1721][1721][1721][1721][1721][1721][1721][1721]
[1721][1721][1721][1721][1721][1721][1721][1721][1721][1721][1721][1721][1721][1721][1721][1721][1721][1721][1721][1721][1721][1721][1721][1721][1721][1721][1721][1721][1721][1721][1721][1721][1721][1721][1721][1721][1721][1721][1721][1721][1721][1721][1721][1721][1721][1721][1721][1721][1721][1721][1721][1721][1721][1721][1721][1721][1721][1721][1721][1721]
[1721][1721][1721][1721][1721][1721][1721][1721][1721][1721][1721][1721][1721][1721][1721][1721][1721][1721][1721][1721][1721][1721][1721][1721][1721][1721][1721][1721][1721][1721][1721][1721][1721][1721][1721][1721][1721][1721][1721][1721][1721][1721][1721][1721][1721][1721][1721][1721][1721][1721][1721][1721][1721][1721][1721][1721][1721][1721][1721][1721]
[1721][1721][1721][1721][1721][1721][1721][1721][1721][1721][1721][1721][1721][1721][1721][1721][1721][1721][1721][1721][1721][1721][1721][1721][1721][1721][1721][1721][1721][1721][1721][1721][1721][1721][1721][1721][1721][1721][1721][1721][1721][1721][1721][1721][1721][1721][1721][1721][1721][1721][1721][1721][1721][1721][1721][1721][1721][1721][1721][1721]
[1721][1721][1721][1721][1721][1721][1721][1721][1721][1721][1721][1721][1721][1721][1721][1721][1721][1721][1721][1721][1721][1721][1721][1721][1721][1721][1721][1721][1721][1721][1721][1721][1721][1721][1721][1721][1721][1721][1721][1721][1721][1721][1721][1721][1721][1721][1721][1721][1721][1721][1721][1721][1721][1721][1721][1721][1721][1721][1721][1721]
[1721][1721][1721][1721][1721][1721][1721][1721][1721][1721][1721][1721][1721][1721][1721][1721][1721][1721][1721][1721][1721][1721][1721][1721][1721][1721][1721][1721][1721][1721][1721][1721][1721][1721][1721][1721][1721][1721][1721][1721][1721][1721][1721][1721][1721][1721][1721][1721][1721][1721][1721][1721][1721][1721][1721][1721][1721][1721][1721][1721]
[1721][1721][1721][1721][1721][1721][1721][1721][1721][1721][1721][1721][1721][1721][1721][1721][1721][1721][1721][1721][1721][1721][1721][1721][1721][1721][1721][1721][1721][1721][1721][1721][1721][1721][1721][1721][1721][1721][1721][1721][1721][1721][1721][1721][1721][1721][1721][1721][1721][1721][1721][1721][1721][1721][1721][1721][1721][1721][1721][1721]
[1721][1721][1721][1721][1721][1721][1721][1721][1721][1721][1721][1721][1721][1721][1721][1721][1721][1721][1721][1721][1721][1721][1721][1721][1721][1721][1721][1721][1721][1721][1721][1721][1721][1721][1721][1721][1721][1721][1721][1721][1721][1721][1721][1721][1721][1721][1721][1721][1721][1721][1721][1721][1721][1721][1721][1721][1721][1721][1721][1721]
[1721][1721][1721][1721][1721][1721][1721][1721][1721][1721][1721][1721][1721][1721][1721][1721][1721][1721][1721][1721][1721][1721][1721][1721][1721][1721][1721][1721][1721][1721][1721][1721][1721][1721][1721][1721][1721][1721][1721][1721][1721][1721][1721][1721][1721][1721][1721][1721][1721][1721][1721][1721][1721][1721][1721][1721][1721][1721][1721][1721]
[1721][1721][1721][1721][1721][1721][1721][1721][1721][1721][1721][1721][1721][1721][1721][1721][1721][1721][1721][1721][1721][1721][1721][1721][1721][1721][1721][1721][1721][1721][1721][1721][1721][1721][1721][1721][1721][1721][1721][1721][1721][1721][1721][1721][1721][1721][1721][1721][1721][1721][1721][1721][1721][1721][1721][1721][1721][1721][1721][1721]
[1721][1721][1721][1721][1721][1721][1721][1721][1721][1721][1721][1721][1721][1721][1721][1721][1721][1721][1721][1721][1721][1721][1721][1721][1721][1721][1721][1721][1721][1721][1721][1721][1721][1721][1721][1721][1721][1721][1721][1721][1721][1721][1721][1721][1721][1721][1721][1721][1721][1721][1721][1721][1721][1721][1721][1721][1721][1721][1721][1721]
[1721][1721][1721][1721][1721][1721][1721][1721][1721][1721][1721][1721][1721][1721][1721][1721][1721][1721][1721][1721][1721][1721][1721][1721][1721][1721][1721][1721][1721][1721][1721][1721][1721][1721][1721][1721][1721][1721][1721][1721][1721][1721][1721][1721][1721][1721][1721][1721][1721][1721][1721][1721][1721][1721][1721][1721][1721][1721][1721][1721]
[1721][1721][1721][1721][1721][1721][1721][1721][1721][1721][1721][1721][1721][1721][1721][1721][1721][1721][1721][1721][1721][1721][1721][1721][1721][1721][1721][1721][1721][1721][1721][1721][1721][1721][1721][1721][1721][1721][1721][1721][1721][1721][1721][1721][1721][1721][1721][1721][1721][1721][1721][1721][1721][1721][1721][1721][1721][1721][1721][1721]
[1721][1721][1721][1721][1721][1721][1721][1721][1721][1721][1721][1721][1721][1721][1721][1721][1721][1721][1721][1721][1721][1721][1721][1721][1721][1721][1721][1721][1721][1721][1721][1721][1721][1721][1721][1721][1721][1721][1721][1721][1721][1721][1721][1721][1721][1721][1721][1721][1721][1721][1721][1721][1721][1721][1721][1721][1721][1721][1721][1721]
[1721][1721][1721][1721][1721][1721][1721][1721][1721][1721][1721][1721][1721][1721][1721][1721][1721][1721][1721][1721][1721][1721][1721][1721][1721][1721][1721][1721][1721][1721][1721][1721][1721][1721][1721][1721][1721][1721][1721][1721][1721][1721][1721][1721][1721][1721][1721][1721][1721][1721][1721][1721][1721][1721][1721][1721][1721][1721][1721][1721]
[1721][1721][1721][1721][1721][1721][1721][1721][1721][1721][1721][1721][1721][1721][1721][1721][1721][1721][1721][1721][1721][1721][1721][1721][1721][1721][1721][1721][1721][1721][1721][1721][1721][1721][1721][1721][1721][1721][1721][1721][1721][1721][1721][1721][1721][1721][1721][1721][1721][1721][1721][1721][1721][1721][1721][1721][1721][1721][1721][1721]
[1721][1721][1721][1721][1721][1721][1721][1721][1721][1721][1721][1721][1721][1721][1721][1721][1721][1721][1721][1721][1721][1721][1721][1721][1721][1721][1721][1721][1721][1721][1721][1721][1721][1721][1721][1721][1721][1721][1721][1721][1721][1721][1721][1721][1721][1721][1721][1721][1721][1721][1721][1721][1721][1721][1721][1721][1721][1721][1721][1721]
[1721][1721][1721][1721][1721][1721][1721][1721][1721][1721][1721][1721][1721][1721][1721][1721][1721][1721][1721][1721][1721][1721][1721][1721][1721][1721][1721][1721][1721][1721][1721][1721][1721][1721][1721][1721][1721][1721][1721][1721][1721][1721][1721][1721][1721][1721][1721][1721][1721][1721][1721][1721][1721][1721][1721][1721][1721][1721][1721][1721]
[1721][1721][1721][1721][1721][1721][1721][1721][1721][1721][1721][1721][1721][1721][1721][1721][1721][1721][1721][1721][1721][1721][1721][1721][1721][1721][1721][1721][1721][1721][1721][1721][1721][1721][1721][1721][1721][1721][1721][1721][1721][1721][1721][1721][1721][1721][1721][1721][1721][1721][1721][1721][1721][1721][1721][1721][1721][1721][1721][1721]
[1721][1721][1721][1721][1721][1721][1721][1721][1721][1721][1721][1721][1721][1721][1721][1721][1721][1721][1721][1721][1721][1721][1721][1721][1721][1721][1721][1721][1721][1721][1721][1721][1721][1721][1721][1721][1721][1721][1721][1721][1721][1721][1721][1721][1721][1721][1721][1721][1721][1721][1721][1721][1721][1721][1721][1721][1721][1721][1721][1721]
[1721][1721][1721][1721][1721][1721][1721][1721][1721][1721][1721][1721][1721][1721][1721][1721][1721][1721][1721][1721][1721][1721][1721][1721][1721][1721][1721][1721][1721][1721][1721][1721][1721][1721][1721][1721][1721][1721][1721][1721][1721][1721][1721][1721][1721][1721][1721][1721][1721][1721][1721][1721][1721][1721][1721][1721][1721][1721][1721][1721]
[1721][1721][1721][1721][1721][1721][1721][1721][1721][1721][1721][1721][1721][1721][1721][1721][1721][1721][1721][1721][1721][1721][1721][1721][1721][1721][1721][1721][1721][1721][1721][1721][1721][1721][1721][1721][1721][1721][1721][1721][1721][1721][1721][1721][1721][1721][1721][1721][1721][1721][1721][1721][1721][1721][1721][1721][1721][1721][1721][1721]
[1721][1721][1721][1721][1721][1721][1721][1721][1721][1721][1721][1721][1721][1721][1721][1721][1721][1721][1721][1721][1721][1721][1721][1721][1721][1721][1721][1721][1721][1721][1721][1721][1721][1721][1721][1721][1721][1721][1721][1721][1721][1721][1721][1721][1721][1721][1721][1721][1721][1721][1721][1721][1721][1721][1721][1721][1721][1721][1721][1721]
[1721][1721][1721][1721][1721][1721][1721][1721][1721][1721][1721][1721][1721][1721][1721][1721][1721][1721][1721][1721][1721][1721][1721][1721][1721][1721][1721][1721][1721][1721][1721][1721][1721][1721][1721][1721][1721][1721][1721][1721][1721][1721][1721][1721][1721][1721][1721][1721][1721][1721][1721][1721][1721][1721][1721][1721][1721][1721][1721][1721]
[1721][1721][1721][1721][1721][1721][1721][1721][1721][1721][1721][1721][1721][1721][1721][1721][1721][1721][1721][1721][1721][1721][1721][1721][1721][1721][1721][1721][1721][1721][1721][1721][1721][1721][1721][1721][1721][1721][1721][1721][1721][1721][1721][1721][1721][1721][1721][1721][1721][1721][1721][1721][1721][1721][1721][1721][1721][1721][1721][1721]
[1721][1721][1721][1721][1721][1721][1721][1721][1721][1721][1721][1721][1721][1721][1721][1721][1721][1721][1721][1721][1721][1721][1721][1721][1721][1721][1721][1721][1721][1721][1721][1721][1721][1721][1721][1721][1721][1721][1721][1721][1721][1721][1721][1721][1721][1721][1721][1721][1721][1721][1721][1721][1721][1721][1721][1721][1721][1721][1721][1721]
[1721][1721][1721][1721][1721][1721][1721][1721][1721][1721][1721][1721][1721][1721][1721][1721][1721][1721][1721][1721][1721][1721][1721][1721][1721][1721][1721][1721][1721][1721][1721][1721][1721][1721][1721][1721][1721][1721][1721][1721][1721][1721][1721][1721][1721][1721][1721][1721][1721][1721][1721][1721][1721][1721][1721][1721][1721][1721][1721][1721]
[1721][1721][1721][1721][1721][1721][1721][1721][1721][1721][1721][1721][1721][1721][1721][1721][1721][1721][1721][1721][1721][1721][1721][1721][1721][1721][1721][1721][1721][1721][1721][1721][1721][1721][1721][1721][1721][1721][1721][1721][1721][1721][1721][1721][1721][1721][1721][1721][1721][1721][1721][1721][1721][1721][1721][1721][1721][1721][1721][1721]
[1721][1721][1721][1721][1721][1721][1721][1721][1721][1721][1721][1721][1721][1721][1721][1721][1721][1721][1721][1721][1721][1721][1721][1721][1721][1721][1721][1721][1721][1721][1721][1721][1721][1721][1721][1721][1721][1721][1721][1721][1721][1721][1721][1721][1721][1721][1721][1721][1721][1721][1721][1721][1721][1721][1721][1721][1721][1721][1721][1721]
[1721][1721][1721][1721][1721][1721][1721][1721][1721][1721][1721][1721][1721][1721][1721][1721][1721][1721][1721][1721][1721][1721][1721][1721][1721][1721][1721][1721][1721][1721][1721][1721][1721][1721][1721][1721][1721][1721][1721][1721][1721][1721][1721][1721][1721][1721][1721][1721][1721][1721][1721][1721][1721][1721][1721][1721][1721][1721][1721][1721]
[1721][1721][1721][1721][1721][1721][1721][1721][1721][1721][1721][1721][1721][1721][1721][1721][1721][1721][1721][1721][1721][1721][1721][1721][1721][1721][1721][1721][1721][1721][1721][1721][1721][1721][1721][1721][1721][1721][1721][1721][1721][1721][1721][1721][1721][1721][1721][1721][1721][1721][1721][1721][1721][1721][1721][1721][1721][1721][1721][1721]
[1721][1721][1721][1721][1721][1721][1721][1721][1721][1721][1721][1721][1721][1721][1721][1721][1721][1721][1721][1721][1721][1721][1721][1721][1721][1721][1721][1721][1721][1721][1721][1721][1721][1721][1721][1721][1721][1721][1721][1721][1721][1721][1721][1721][1721][1721][1721][1721][1721][1721][1721][1721][1721][1721][1721][1721][1721][1721][1721][1721]
[1721][1721][1721][1721][1721][1721][1721][1721][1721][1721][1721][1721][1721][1721][1721][1721][1721][1721][1721][1721][1721][1721][1721][1721][1721][1721][1721][1721][1721][1721][1721][1721][1721][1721][1721][1721][1721][1721][1721][1721][1721][1721][1721][1721][1721][1721][1721][1721][1721][1721][1721][1721][1721][1721][1721][1721][1721][1721][1721][1721]
[1721][1721][1721][1721][1721][1721][1721][1721][1721][1721][1721][1721][1721][1721][1721][1721][1721][1721][1721][1721][1721][1721][1721][1721][1721][1721][1721][1721][1721][1721][1721][1721][1721][1721][1721][1721][1721][1721][1721][1721][1721][1721][1721][1721][1721][1721][1721][1721][1721][1721][1721][1721][1721][1721][1721][1721][1721][1721][1721][1721]
[1721][1721][1721][1721][1721][1721][1721][1721][1721][1721][1721][1721][1721][1721][1721][1721][1721][1721][1721][1721][1721][1721][1721][1721][1721][1721][1721][1721][1721][1721][1721][1721][1721][1721][1721][1721][1721][1721][1721][1721][1721][1721][1721][1721][1721][1721][1721][1721][1721][1721][1721][1721][1721][1721][1721][1721][1721][1721][1721][1721]
[1721][1721][1721][1721][1721][1721][1721][1721][1721][1721][1721][1721][1721][1721][1721][1721][1721][1721][1721][1721][1721][1721][1721][1721][1721][1721][1721][1721][1721][1721][1721][1721][1721][1721][1721][1721][1721][1721][1721][1721][1721][1721][1721][1721][1721][1721][1721][1721][1721][1721][1721][1721][1721][1721][1721][1721][1721][1721][1721][1721]
[1721][1721][1721][1721][1721][1721][1721][1721][1721][1721][1721][1721][1721][1721][1721][1721][1721][1721][1721][1721][1721][1721][1721][1721][1721][1721][1721][1721][1721][1721][1721][1721][1721][1721][1721][1721][1721][1721][1721][1721][1721][1721][1721][1721][1721][1721][1721][1721][1721][1721][1721][1721][1721][1721][1721][1721][1721][1721][1721][1721]
