40 60
[1945][1945][1945][1945][1945][1945][1945][1945][1945][1945][1945][1945][1945][1945][1945][1945][1945][1945][1945][1945][1945][1945][1945][1945][1945][1945][1945][1945][1945][1945][1945][1945][1945][1945][1945][1945][1945][1945][1945][1945][1945][1945][1945][1945][1945][1945][1945][1945][1945][1945][1945][1945][1945][1945][1945][1945][1945][1945][1945][1945]
[1945][1945][1945][1945][1945][1945][1945][1945][1945][1945][1945][1945][1945][1945][1945][1945][1945][1945][1945][1945][1945][1945][1945][1945][1945][1945][1945][1945][1945][1945][1945][1945][1945][1945][1945][1945][1945][1945][1945][1945][1945][1945][1945][1945][1945][1945][1945][1945][1945][1945][1945][1945][1945][1945][1945][1945][1945][1945][1945][1945]
[1945][1945][1945][1945][1945][1945][1945][1945][1945][1945][1945][1945][1945][1945][1945][1945][1945][1945][1945][1945][1945][1945][1945][1945][1945][1945][1945][1945][1945][1945][1945][1945][1945][1945][1945][1945][1945][1945][1945][1945][1945][1945][1945][1945][1945][1945][1945][1945][1945][1945][1945][1945][1945][1945][1945][1945][1945][1945][1945][1945]
[1945][1945][1945][1945][1945][1945][1945][1945][1945][1945][1945][1945][1945][1945][1945][1945][1945][1945][1945][1945][1945][1945][1945][1945][1945][1945][1945][1945][1945][1945][1945][1945][1945][1945][1945][1945][1945][1945][1945][1945][1945][1945][1945][1945][1945][1945][1945][1945][1945][1945][1945][1945][1945][1945][1945][1945][1945][1945][1945][1945]
[1945][1945][1945][1945][1945][1945][1945][1945][1945][1945][1945][1945][1945][1945][1945][1945][1945][1945][1945][1945][1945][1945][1945][1945][1945][1945][1945][1945][1945][1945][1945][1945][1945][1945][1945][1945][1945][1945][1945][1945][1945][1945][1945][1945][1945][1945][1945][1945][1945][1945][1945][1945][1945][1945][1945][1945][1945][1945][1945][1945]
[1945][1945][1945][1945][1945][1945][1945][1945][1945][1945][1945][1945][1945][1945][1945][1945][1945][1945][1945][1945][1945][1945][1945][1945][1945][1945][1945][1945][1945][1945][1945][1945][1945][1945][1945][1945][1945][1945][1945][1945][1945][1945][1945][1945][1945][1945][1945][1945][1945][1945][1945][1945][1945][1945][1945][1945][1945][1945][1945][1945]
[1945][1945][1945][1945][1945][1945][1945][1945][1945][1945][1945][1945][1945][1945][1945][1945][1945][1945][1945][1945][1945][1945][1945][1945][1945][1945][1945][1945][1945][1945][1945][1945][1945][1945][1945][1945][1945][1945][1945][1945][1945][1945][1945][1945][1945][1945][1945][1945][1945][1945][1945][1945][1945][1945][1945][1945][1945][1945][1945][1945]
[1945][1945][1945][1945][1945][1945][1945][1945][1945][1945][1945][1945][1945][1945][1945][1945][1945][1945][1945][1945][1945][1945][1945][1945][1945][1945][1945][1945][1945][1945][1945][1945][1945][1945][1945][1945][1945][1945][1945][1945][1945][1945][1945][1945][1945][1945][1945][1945][1945][1945][1945][1945][1945][1945][1945][1945][1945][1945][1945][1945]
[1945][1945][1945][1945][1945][1945][1945][1945][1945][1945][1945][1945][1945][1945][1945][1945][1945][1945][1945][1945][1945][1945][1945][1945][1945][1945][1945][1945][1945][1945][1945][1945][1945][1945][1945][1945][1945][1945][1945][1945][1945][1945][1945][1945][1945][1945][1945][1945][1945][1945][1945][1945][1945][1945][1945][1945][1945][1945][1945][1945]
[1945][1945][1945][1945][1945][1945][1945][1945][1945][1945][1945][1945][1945][1945][1945][1945][1945][1945][1945][1945][1945][1945][1945][1945][1945][1945][1945][1945][1945][1945][1945][1945][1945][1945][1945][1945][1945][1945][1945][1945][1945][1945][1945][1945][1945][1945][1945][1945][1945][1945][1945][1945][1945][1945][1945][1945][1945][1945][1945][1945]
[1945][1945][1945][1945][1945][1945][1945][1945][1945][1945][1945][1945][1945][1945][1945][1945][1945][1945][1945][1945][1945][1945][1945][1945][1945][1945][1945][1945][1945][1945][1945][1945][1945][1945][1945][1945][1945][1945][1945][1945][1945][1945][1945][1945][1945][1945][1945][1945][1945][1945][1945][1945][1945][1945][1945][1945][1945][1945][1945][1945]
[1945][1945][1945][1945][1945][1945][1945][1945][1945][1945][1945][1945][1945][1945][1945][1945][1945][1945][1945][1945][1945][1945][1945][1945][1945][1945][1945][1945][1945][1945][1945][1945][1945][1945][1945][1945][1945][1945][1945][1945][1945][1945][1945][1945][1945][1945][1945][1945][1945][1945][1945][1945][1945][1945][1945][1945][1945][1945][1945][1945]
[1945][1945][1945][1945][1945][1945][1945][1945][1945][1945][1945][1945][1945][1945][1945][1945][1945][1945][1945][1945][1945][1945][1945][1945][1945][1945][1945][1945][1945][1945][1945][1945][1945][1945][1945][1945][1945][1945][1945][1945][1945][1945][1945][1945][1945][1945][1945][1945][1945][1945][1945][1945][1945][1945][1945][1945][1945][1945][1945][1945]
[1945][1945][1945][1945][1945][1945][1945][1945][1945][1945][1945][1945][1945][1945][1945][1945][1945][1945][1945][1945][1945][1945][1945][1945][1945][1945][1945][1945][1945][1945][1945][1945][1945][1945][1945][1945][1945][1945][1945][1945][1945][1945][1945][1945][1945][1945][1945][1945][1945][1945][1945][1945][1945][1945][1945][1945][1945][1945][1945][1945]
[1945][1945][1945][1945][1945][1945][1945][1945][1945][1945][1945][1945][1945][1945][1945][1945][1945][1945][1945][1945][1945][1945][1945][1945][1945][1945][1945][1945][1945][1945][1945][1945][1945][1945][1945][1945][1945][1945][1945][1945][1945][1945][1945][1945][1945][1945][1945][1945][1945][1945][1945][1945][1945][1945][1945][1945][1945][1945][1945][1945]
[1945][1945][1945][1945][1945][1945][1945][1945][1945][1945][1945][1945][1945][1945][1945][1945][1945][1945][1945][1945][1945][1945][1945][1945][1945][1945][1945][1945][1945][1945][1945][1945][1945][1945][1945][1945][1945][1945][1945][1945][1945][1945][1945][1945][1945][1945][1945][1945][1945][1945][1945][1945][1945][1945][1945][1945][1945][1945][1945][1945]
[1945][1945][1945][1945][1945][1945][1945][1945][1945][1945][1945][1945][1945][1945][1945][1945][1945][1945][1945][1945][1945][1945][1945][1945][1945][1945][1945][1945][1945][1945][1945][1945][1945][1945][1945][1945][1945][1945][1945][1945][1945][1945][1945][1945][1945][1945][1945][1945][1945][1945][1945][1945][1945][1945][1945][1945][1945][1945][1945][1945]
[1945][1945][1945][1945][1945][1945][1945][1945][1945][1945][1945][1945][1945][1945][1945][1945][1945][1945][1945][1945][1945][1945][1945][1945][1945][1945][1945][1945][1945][1945][1945][1945][1945][1945][1945][1945][1945][1945][1945][1945][1945][1945][1945][1945][1945][1945][1945][1945][1945][1945][1945][1945][1945][1945][1945][1945][1945][1945][1945][1945]
[1945][1945][1945][1945][1945][1945][1945][1945][1945][1945][1945][1945][1945][1945][1945][1945][1945][1945][1945][1945][1945][1945][1945][1945][1945][1945][1945][1945][1945][1945][1945][1945][1945][1945][1945][1945][1945][1945][1945][1945][1945][1945][1945][1945][1945][1945][1945][1945][1945][1945][1945][1945][1945][1945][1945][1945][1945][1945][1945][1945]
[1945][1945][1945][1945][1945][1945][1945][1945][1945][1945][1945][1945][1945][1945][1945][1945][1945][1945][1945][1945][1945][1945][1945][1945][1945][1945][1945][1945][1945][1945][1945][1945][1945][1945][1945][1945][1945][1945][1945][1945][1945][1945][1945][1945][1945][1945][1945][1945][1945][1945][1945][1945][1945][1945][1945][1945][1945][1945][1945][1945]
[1945][1945][1945][1945][1945][1945][1945][1945][1945][1945][1945][1945][1945][1945][1945][1945][1945][1945][1945][1945][1945][1945][1945][1945][1945][1945][1945][1945][1945][1945][1945][1945][1945][1945][1945][1945][1945][1945][1945][1945][1945][1945][1945][1945][1945][1945][1945][1945][1945][1945][1945][1945][1945][1945][1945][1945][1945][1945][1945][1945]
[1945][1945][1945][1945][1945][1945][1945][1945][1945][1945][1945][1945][1945][1945][1945][1945][1945][1945][1945][1945][1945][1945][1945][1945][1945][1945][1945][1945][1945][1945][1945][1945][1945][1945][1945][1945][1945][1945][1945][1945][1945][1945][1945][1945][1945][1945][1945][1945][1945][1945][1945][1945][1945][1945][1945][1945][1945][1945][1945][1945]
[1945][1945][1945][1945][1945][1945][1945][1945][1945][1945][1945][1945][1945][1945][1945][1945][1945][1945][1945][1945][1945][1945][1945][1945][1945][1945][1945][1945][1945][1945][1945][1945][1945][1945][1945][1945][1945][1945][1945][1945][1945][1945][1945][1945][1945][1945][1945][1945][1945][1945][1945][1945][1945][1945][1945][1945][1945][1945][1945][1945]
[1945][1945][1945][1945][1945][1945][1945][1945][1945][1945][1945][1945][1945][1945][1945][1945][1945][1945][1945][1945][1945][1945][1945][1945][1945][1945][1945][1945][1945][1945][1945][1945][1945][1945][1945][1945][1945][1945][1945][1945][1945][1945][1945][1945][1945][1945][1945][1945][1945][1945][1945][1945][1945][1945][1945][1945][1945][1945][1945][1945]
[1945][1945][1945][1945][1945][1945][1945][1945][1945][1945][1945][1945][1945][1945][1945][1945][1945][1945][1945][1945][1945][1945][1945][1945][1945][1945][1945][1945][1945][1945][1945][1945][1945][1945][1945][1945][1945][1945][1945][1945][1945][1945][1945][1945][1945][1945][1945][1945][1945][1945][1945][1945][1945][1945][1945][1945][1945][1945][1945][1945]
[1945][1945][1945][1945][1945][1945][1945][1945][1945][1945][1945][1945][1945][1945][1945][1945][1945][1945][1945][1945][1945][1945][1945][8627][8627][8627][1945][1945][1945][1945][1945][1945][1945][1945][1945][1945][1945][1945][1945][1945][1945][1945][1945][1945][1945][1945][1945][1945][1945][1945][1945][1945][1945][1945][1945][1945][1945][1945][1945][1945]
[1945][1945][1945][1945][1945][1945][1945][1945][1945][1945][1945][1945][1945][1945][1945][1945][1945][1945][1945][1945][1945][1945][1945][1945][1945][1945][1945][1945][1945][1945][1945][1945][1945][1945][1945][1945][1945][1945][1945][1945][1945][1945][1945][1945][1945][1945][1945][1945][1945][1945][1945][1945][1945][1945][1945][1945][1945][1945][1945][1945]
[1945][1945][1945][1945][1945][1945][1945][1945][1945][1945][1945][1945][1945][1945][1945][1945][1945][1945][1945][1945][1945][1945][1945][1945][1945][1945][1945][1945][1945][1945][1945][1945][1945][1945][1945][1945][1945][1945][1945][1945][1945][1945][1945][1945][1945][1945][1945][1945][1945][1945][1945][1945][1945][1945][1945][1945][1945][1945][1945][1945]
[1945][1945][1945][1945][1945][1945][1945][1945][1945][1945][1945][1945][1945][1945][1945][1945][1945][1945][1945][1945][1945][1945][1945][1945][1945][1945][1945][1945][1945][1945][1945][1945][1945][1945][1945][1945][1945][1945][1945][1945][1945][1945][1945][1945][1945][1945][1945][1945][1945][1945][1945][1945][1945][1945][1945][1945][1945][1945][1945][1945]
[1945][1945][1945][1945][1945][1945][1945][1945][1945][1945][1945][1945][1945][1945][1945][1945][1945][1945][1945][1945][1945][1945][1945][1945][1945][1945][1945][1945][1945][1945][1945][1945][1945][1945][1945][1945][1945][1945][1945][1945][1945][1945][1945][1945][1945][1945][1945][1945][1945][1945][1945][1945][1945][1945][1945][1945][1945][1945][1945][1945]
[1945][1945][1945][1945][1945][1945][1945][1945][1945][1945][1945][1945][1945][1945][1945][1945][1945][1945][1945][1945][1945][1945][1945][1945][1945][1945][1945][1945][1945][1945][1945][1945][1945][1945][1945][1945][1945][1945][1945][1945][1945][1945][1945][1945][1945][1945][1945][1945][1945][1945][1945][1945][1945][1945][1945][1945][1945][1945][1945][1945]
[1945][1945][1945][1945][1945][1945][1945][1945][1945][1945][1945][1945][1945][1945][1945][1945][1945][1945][1945][1945][1945][1945][1945][1945][1945][1945][1945][1945][1945][1945][1945][1945][1945][1945][1945][1945][1945][1945][1945][1945][1945][1945][1945][1945][1945][1945][1945][1945][1945][1945][1945][1945][1945][1945][1945][1945][1945][1945][1945][1945]
[1945][1945][1945][1945][1945][1945][1945][1945][1945][1945][1945][1945][1945][1945][1945][1945][1945][1945][1945][1945][1945][1945][1945][1945][1945][1945][1945][1945][1945][1945][1945][1945][1945][1945][1945][1945][1945][1945][1945][1945][1945][1945][1945][1945][1945][1945][1945][1945][1945][1945][1945][1945][1945][1945][1945][1945][1945][1945][1945][1945]
[1945][1945][1945][1945][1945][1945][1945][1945][1945][1945][1945][1945][1945][1945][1945][1945][1945][1945][1945][1945][1945][1945][1945][1945][1945][1945][1945][1945][1945][1945][1945][1945][1945][1945][1945][1945][1945][1945][1945][1945][1945][1945][1945][1945][1945][1945][1945][1945][1945][1945][1945][1945][1945][1945][1945][1945][1945][1945][1945][1945]
[1945][1945][1945][1945][1945][1945][1945][1945][1945][1945][1945][1945][1945][1945][1945][1945][1945][1945][1945][1945][1945][1945][1945][1945][1945][1945][1945][1945][1945][1945][1945][1945][1945][1945][1945][1945][1945][1945][1945][1945][1945][1945][1945][1945][1945][1945][1945][1945][1945][1945][1945][1945][1945][1945][1945][1945][1945][1945][1945][1945]
[1945][1945][1945][1945][1945][1945][1945][1945][1945][1945][1945][1945][1945][1945][1945][1945][1945][1945][1945][1945][1945][1945][1945][1945][1945][1945][1945][1945][1945][1945][1945][1945][1945][1945][1945][1945][1945][1945][1945][1945][1945][1945][1945][1945][1945][1945][1945][1945][1945][1945][1945][1945][1945][1945][1945][1945][1945][1945][1945][1945]
[1945][1945][1945][1945][1945][1945][1945][1945][1945][1945][1945][1945][1945][1945][1945][1945][1945][1945][1945][1945][1945][1945][1945][1945][1945][1945][1945][1945][1945][1945][1945][1945][1945][1945][1945][1945][1945][1945][1945][1945][1945][1945][1945][1945][1945][1945][1945][1945][1945][1945][1945][1945][1945][1945][1945][1945][1945][1945][1945][1945]
[1945][1945][1945][1945][1945][1945][1945][1945][1945][1945][1945][1945][1945][1945][1945][1945][1945][1945][1945][1945][1945][1945][1945][1945][1945][1945][1945][1945][1945][1945][1945][1945][1945][1945][1945][1945][1945][1945][1945][1945][1945][1945][1945][1945][1945][1945][1945][1945][1945][1945][1945][1945][1945][1945][1945][1945][1945][1945][1945][1945]
[1945][1945][1945][1945][1945][1945][1945][1945][1945][1945][1945][1945][1945][1945][1945][1945][1945][1945][1945][1945][1945][1945][1945][1945][1945][1945][1945][1945][1945][1945][1945][1945][1945][1945][1945][1945][1945][1945][1945][1945][1945][1945][1945][1945][1945][1945][1945][1945][1945][1945][1945][1945][1945][1945][1945][1945][1945][1945][1945][1945]
[1945][1945][1945][1945][1945][1945][1945][1945][1945][1945][1945][1945][1945][1945][1945][1945][1945][1945][1945][1945][1945][1945][1945][1945][1945][1945][1945][1945][1945][1945][1945][1945][1945][1945][1945][1945][1945][1945][1945][1945][1945][1945][1945][1945][1945][1945][1945][1945][1945][1945][1945][1945][1945][1945][1945][1945][1945][1945][1945][1945]
